0	27.5	0	0	1	1	2	2	3	3	4	4	5	5	6	0
0.03	27.5	0	0	1.03	1	2.06	2	3.09	3	4.12	4	5.15	5	6	0
0.06	27.5	0	0	1.06	1	2.12	2	3.18	3	4.24	4	5.3	5	6	0
0.09	27.5	0	0	1.09	1	2.18	2	3.27	3	4.36	4	5.45	5	6	0
0.12	27.5	0	0	1.12	1	2.24	2	3.36	3	4.48	4	5.6	5	6	0
0.15	27.5	0	0	1.15	1	2.3	2	3.45	3	4.6	4	5.75	5	6	0
0.18	27.5	0	0	1.18	1	2.36	2	3.54	3	4.72	4	5.9	-5	6	0
0.21	27.5	0	0	1.21	1	2.42	2	3.63	3	4.84	4	5.75	-5	6	0
0.24	27.5	0	0	1.24	1	2.48	2	3.72	3	4.96	4	5.6	-5	6	0
0.27	27.5	0	0	1.27	1	2.54	2	3.81	3	5.08	4	5.45	-5	6	0
0.3	27.5	0	0	1.3	1	2.6	2	3.9	3	5.1	-5	5.4	4	6	0
0.33	27.5	0	0	1.33	1	2.66	2	3.99	3	4.95	-5	5.52	4	6	0
0.36	27.5	0	0	1.36	1	2.72	2	4.08	3	4.8	-5	5.64	4	6	0
0.39	27.5	0	0	1.39	1	2.78	2	4.17	3	4.65	-5	5.76	4	6	0
0.42	27.5	0	0	1.42	1	2.84	2	4.26	3	4.5	-5	5.88	4	6	0
0.45	27.5	0	0	1.45	1	2.9	2	4.15	-5	4.55	3	5.8	-4	6	0
0.48	27.5	0	0	1.48	1	2.96	2	4	-5	4.64	3	5.68	-4	6	0
0.51	27.5	0	0	1.51	1	3.02	2	3.85	-5	4.73	3	5.56	-4	6	0
0.54	27.5	0	0	1.54	1	3.08	2	3.7	-5	4.82	3	5.44	-4	6	0
0.57	27.5	0	0	1.57	1	3.14	2	3.55	-5	4.91	3	5.32	-4	6	0
0.6	27.5	0	0	1.6	1	3.2	-5	3.4	2	5	3	5.2	-4	6	0
0.63	27.5	0	0	1.63	1	3.05	-5	3.46	2	4.88	-4	5.29	3	6	0
0.66	27.5	0	0	1.66	1	2.9	-5	3.52	2	4.76	-4	5.38	3	6	0
0.69	27.5	0	0	1.69	1	2.75	-5	3.58	2	4.64	-4	5.47	3	6	0
0.72	27.5	0	0	1.72	1	2.6	-5	3.64	2	4.52	-4	5.56	3	6	0
0.75	27.5	0	0	1.75	1	2.45	-5	3.7	2	4.4	-4	5.65	3	6	0
0.78	27.5	0	0	1.78	1	2.3	-5	3.76	2	4.28	-4	5.74	3	6	0
0.81	27.5	0	0	1.81	1	2.15	-5	3.82	2	4.16	-4	5.83	3	6	0
0.84	27.5	0	0	1.8	-5	2.04	1	3.84	-4	4.08	2	5.88	-3	6	0
0.87	27.5	0	0	1.65	-5	2.07	1	3.72	-4	4.14	2	5.79	-3	6	0
0.9	27.5	0	0	1.5	-5	2.1	1	3.6	-4	4.2	2	5.7	-3	6	0
0.93	27.5	0	0	1.35	-5	2.13	1	3.48	-4	4.26	2	5.61	-3	6	0
0.96	27.5	0	0	1.2	-5	2.16	1	3.36	-4	4.32	2	5.52	-3	6	0
0.99	27.5	0	0	1.05	-5	2.19	1	3.24	-4	4.38	2	5.43	-3	6	0
1.02	27.5	0	0	0.9	-5	2.22	1	3.12	-4	4.44	2	5.34	-3	6	0
1.05	27.5	0	0	0.75	-5	2.25	1	3	-4	4.5	2	5.25	-3	6	0
1.08	27.5	0	0	0.6	-5	2.28	1	2.88	-4	4.56	2	5.16	-3	6	0
1.11	27.5	0	0	0.45	-5	2.31	1	2.76	-4	4.62	2	5.07	-3	6	0
1.14	27.5	0	0	0.3	-5	2.34	1	2.64	-4	4.68	2	4.98	-3	6	0
1.17	27.5	0	0	0.15	-5	2.32	-4	2.57	1	4.69	-3	4.94	2	6	0
1.2	27.5	0	0	0.2	5	2.2	-4	2.6	1	4.6	-3	5	2	6	0
1.23	27.5	0	0	0.35	5	2.08	-4	2.63	1	4.51	-3	5.06	2	6	0
1.26	27.5	0	0	0.5	5	1.96	-4	2.66	1	4.42	-3	5.12	2	6	0
1.29	27.5	0	0	0.65	5	1.84	-4	2.69	1	4.33	-3	5.18	2	6	0
1.32	27.5	0	0	0.8	5	1.72	-4	2.72	1	4.24	-3	5.24	2	6	0
1.35	27.5	0	0	0.95	5	1.6	-4	2.75	1	4.15	-3	5.3	2	6	0
1.38	27.5	0	0	1.1	5	1.48	-4	2.78	1	4.06	-3	5.36	2	6	0
1.41	27.5	0	0	1.16	-4	1.45	5	2.81	1	3.97	-3	5.42	2	6	0
1.44	27.5	0	0	1.04	-4	1.6	5	2.84	1	3.88	-3	5.48	2	6	0
1.47	27.5	0	0	0.92	-4	1.75	5	2.87	1	3.79	-3	5.54	2	6	0
1.5	27.5	0	0	0.8	-4	1.9	5	2.9	1	3.7	-3	5.6	2	6	0
1.53	27.5	0	0	0.68	-4	2.05	5	2.93	1	3.61	-3	5.66	2	6	0
1.56	27.5	0	0	0.56	-4	2.2	5	2.96	1	3.52	-3	5.72	2	6	0
1.59	27.5	0	0	0.44	-4	2.35	5	2.99	1	3.43	-3	5.78	2	6	0
1.62	27.5	0	0	0.32	-4	2.5	5	3.02	1	3.34	-3	5.84	2	6	0
1.65	27.5	0	0	0.2	-4	2.65	5	3.05	1	3.25	-3	5.9	2	6	0
1.68	27.5	0	0	0.12	4	2.76	-3	3	5	3.28	1	5.84	-2	6	0
1.71	27.5	0	0	0.24	4	2.67	-3	3.11	1	3.35	5	5.78	-2	6	0
1.74	27.5	0	0	0.36	4	2.58	-3	3.14	1	3.5	5	5.72	-2	6	0
1.77	27.5	0	0	0.48	4	2.49	-3	3.17	1	3.65	5	5.66	-2	6	0
1.8	27.5	0	0	0.6	4	2.4	-3	3.2	1	3.8	5	5.6	-2	6	0
1.83	27.5	0	0	0.72	4	2.31	-3	3.23	1	3.95	5	5.54	-2	6	0
1.86	27.5	0	0	0.84	4	2.22	-3	3.26	1	4.1	5	5.48	-2	6	0
1.89	27.5	0	0	0.96	4	2.13	-3	3.29	1	4.25	5	5.42	-2	6	0
1.92	27.5	0	0	1.08	4	2.04	-3	3.32	1	4.4	5	5.36	-2	6	0
1.95	27.5	0	0	1.2	4	1.95	-3	3.35	1	4.55	5	5.3	-2	6	0
1.98	27.5	0	0	1.32	4	1.86	-3	3.38	1	4.7	5	5.24	-2	6	0
2.01	27.5	0	0	1.44	4	1.77	-3	3.41	1	4.85	5	5.18	-2	6	0
2.04	27.5	0	0	1.48	-3	1.76	4	3.44	1	4.92	-2	5.2	5	6	0
2.07	27.5	0	0	1.39	-3	1.88	4	3.47	1	4.86	-2	5.35	5	6	0
2.1	27.5	0	0	1.3	-3	2	4	3.5	1	4.8	-2	5.5	5	6	0
2.13	27.5	0	0	1.21	-3	2.12	4	3.53	1	4.74	-2	5.65	5	6	0
2.16	27.5	0	0	1.12	-3	2.24	4	3.56	1	4.68	-2	5.8	5	6	0
2.19	27.5	0	0	1.03	-3	2.36	4	3.59	1	4.62	-2	5.85	-5	6	0
2.22	27.5	0	0	0.94	-3	2.48	4	3.62	1	4.56	-2	5.7	-5	6	0
2.25	27.5	0	0	0.85	-3	2.6	4	3.65	1	4.5	-2	5.55	-5	6	0
2.28	27.5	0	0	0.76	-3	2.72	4	3.68	1	4.44	-2	5.4	-5	6	0
2.31	27.5	0	0	0.67	-3	2.84	4	3.71	1	4.38	-2	5.25	-5	6	0
2.34	27.5	0	0	0.58	-3	2.96	4	3.74	1	4.32	-2	5.1	-5	6	0
2.37	27.5	0	0	0.49	-3	3.08	4	3.77	1	4.26	-2	4.95	-5	6	0
2.4	27.5	0	0	0.4	-3	3.2	4	3.8	1	4.2	-2	4.8	-5	6	0
2.43	27.5	0	0	0.31	-3	3.32	4	3.83	1	4.14	-2	4.65	-5	6	0
2.46	27.5	0	0	0.22	-3	3.44	4	3.86	1	4.08	-2	4.5	-5	6	0
2.49	27.5	0	0	0.13	-3	3.56	4	3.82	-2	4.09	1	4.35	-5	6	0
2.52	27.5	0	0	0.16	3	3.56	-2	3.8	-5	4.08	4	4.32	1	6	0
2.55	27.5	0	0	0.25	3	3.45	-5	3.7	-2	4.15	1	4.4	4	6	0
2.58	27.5	0	0	0.34	3	3.3	-5	3.64	-2	4.18	1	4.52	4	6	0
2.61	27.5	0	0	0.43	3	3.15	-5	3.58	-2	4.21	1	4.64	4	6	0
2.64	27.5	0	0	0.52	3	3	-5	3.52	-2	4.24	1	4.76	4	6	0
2.67	27.5	0	0	0.61	3	2.85	-5	3.46	-2	4.27	1	4.88	4	6	0
2.7	27.5	0	0	0.7	3	2.7	-5	3.4	-2	4.3	1	5	4	6	0
2.73	27.5	0	0	0.79	3	2.55	-5	3.34	-2	4.33	1	5.12	4	6	0
2.76	27.5	0	0	0.88	3	2.4	-5	3.28	-2	4.36	1	5.24	4	6	0
2.79	27.5	0	0	0.97	3	2.25	-5	3.22	-2	4.39	1	5.36	4	6	0
2.82	27.5	0	0	1.06	3	2.1	-5	3.16	-2	4.42	1	5.48	4	6	0
2.85	27.5	0	0	1.15	3	1.95	-5	3.1	-2	4.45	1	5.6	4	6	0
2.88	27.5	0	0	1.24	3	1.8	-5	3.04	-2	4.48	1	5.72	4	6	0
2.91	27.5	0	0	1.33	3	1.65	-5	2.98	-2	4.51	1	5.84	4	6	0
2.94	27.5	0	0	1.3	-5	1.62	3	2.92	-2	4.54	1	5.84	-4	6	0
2.97	27.5	0	0	1.15	-5	1.71	3	2.86	-2	4.57	1	5.72	-4	6	0
3	27.5	0	0	1	-5	1.8	3	2.8	-2	4.6	1	5.6	-4	6	0
3.03	27.5	0	0	0.85	-5	1.89	3	2.74	-2	4.63	1	5.48	-4	6	0
3.06	27.5	0	0	0.7	-5	1.98	3	2.68	-2	4.66	1	5.36	-4	6	0
3.09	27.5	0	0	0.55	-5	2.07	3	2.62	-2	4.69	1	5.24	-4	6	0
3.12	27.5	0	0	0.4	-5	2.16	3	2.56	-2	4.72	1	5.12	-4	6	0
3.15	27.5	0	0	0.25	-5	2.25	3	2.5	-2	4.75	1	5	-4	6	0
3.18	27.5	0	0	0.1	5	2.24	-2	2.54	3	4.68	-4	4.98	1	6	0
3.21	27.5	0	0	0.25	5	2.18	-2	2.63	3	4.56	-4	5.01	1	6	0
3.24	27.5	0	0	0.4	5	2.12	-2	2.72	3	4.44	-4	5.04	1	6	0
3.27	27.5	0	0	0.55	5	2.06	-2	2.81	3	4.32	-4	5.07	1	6	0
3.3	27.5	0	0	0.7	5	2	-2	2.9	3	4.2	-4	5.1	1	6	0
3.33	27.5	0	0	0.85	5	1.94	-2	2.99	3	4.08	-4	5.13	1	6	0
3.36	27.5	0	0	1	5	1.88	-2	3.08	3	3.96	-4	5.16	1	6	0
3.39	27.5	0	0	1.15	5	1.82	-2	3.17	3	3.84	-4	5.19	1	6	0
3.42	27.5	0	0	1.3	5	1.76	-2	3.26	3	3.72	-4	5.22	1	6	0
3.45	27.5	0	0	1.45	5	1.7	-2	3.35	3	3.6	-4	5.25	1	6	0
3.48	27.5	0	0	1.44	-2	1.8	5	3.28	-4	3.64	3	5.28	1	6	0
3.51	27.5	0	0	1.38	-2	1.95	5	3.16	-4	3.73	3	5.31	1	6	0
3.54	27.5	0	0	1.32	-2	2.1	5	3.04	-4	3.82	3	5.34	1	6	0
3.57	27.5	0	0	1.26	-2	2.25	5	2.92	-4	3.91	3	5.37	1	6	0
3.6	27.5	0	0	1.2	-2	2.4	5	2.8	-4	4	3	5.4	1	6	0
3.63	27.5	0	0	1.14	-2	2.48	-4	2.75	5	4.09	3	5.43	1	6	0
3.66	27.5	0	0	1.08	-2	2.36	-4	2.9	5	4.18	3	5.46	1	6	0
3.69	27.5	0	0	1.02	-2	2.24	-4	3.05	5	4.27	3	5.49	1	6	0
3.72	27.5	0	0	0.96	-2	2.12	-4	3.2	5	4.36	3	5.52	1	6	0
3.75	27.5	0	0	0.9	-2	2	-4	3.35	5	4.45	3	5.55	1	6	0
3.78	27.5	0	0	0.84	-2	1.88	-4	3.5	5	4.54	3	5.58	1	6	0
3.81	27.5	0	0	0.78	-2	1.76	-4	3.65	5	4.63	3	5.61	1	6	0
3.84	27.5	0	0	0.72	-2	1.64	-4	3.8	5	4.72	3	5.64	1	6	0
3.87	27.5	0	0	0.66	-2	1.52	-4	3.95	5	4.81	3	5.67	1	6	0
3.9	27.5	0	0	0.6	-2	1.4	-4	4.1	5	4.9	3	5.7	1	6	0
3.93	27.5	0	0	0.54	-2	1.28	-4	4.25	5	4.99	3	5.73	1	6	0
3.96	27.5	0	0	0.48	-2	1.16	-4	4.4	5	5.08	3	5.76	1	6	0
3.99	27.5	0	0	0.42	-2	1.04	-4	4.55	5	5.17	3	5.79	1	6	0
4.02	27.5	0	0	0.36	-2	0.92	-4	4.7	5	5.26	3	5.82	1	6	0
4.05	27.5	0	0	0.3	-2	0.8	-4	4.85	5	5.35	3	5.85	1	6	0
4.08	27.5	0	0	0.24	-2	0.68	-4	5	5	5.44	3	5.88	1	6	0
4.11	27.5	0	0	0.18	-2	0.56	-4	5.15	5	5.53	3	5.89	-1	6	0
4.14	27.5	0	0	0.12	-2	0.44	-4	5.3	5	5.62	3	5.86	-1	6	0
4.17	27.5	0	0	0.12	-4	0.34	2	5.43	-1	5.65	5	5.89	-3	6	0
4.2	27.5	0	0	0.2	2	0.4	4	5.4	-5	5.6	-1	5.8	-3	6	0
4.23	27.5	0	0	0.26	2	0.52	4	5.25	-5	5.51	-3	5.77	-1	6	0
4.26	27.5	0	0	0.32	2	0.64	4	5.1	-5	5.42	-3	5.74	-1	6	0
4.29	27.5	0	0	0.38	2	0.76	4	4.95	-5	5.33	-3	5.71	-1	6	0
4.32	27.5	0	0	0.44	2	0.88	4	4.8	-5	5.24	-3	5.68	-1	6	0
4.35	27.5	0	0	0.5	2	1	4	4.65	-5	5.15	-3	5.65	-1	6	0
4.38	27.5	0	0	0.56	2	1.12	4	4.5	-5	5.06	-3	5.62	-1	6	0
4.41	27.5	0	0	0.62	2	1.24	4	4.35	-5	4.97	-3	5.59	-1	6	0
4.44	27.5	0	0	0.68	2	1.36	4	4.2	-5	4.88	-3	5.56	-1	6	0
4.47	27.5	0	0	0.74	2	1.48	4	4.05	-5	4.79	-3	5.53	-1	6	0
4.5	27.5	0	0	0.8	2	1.6	4	3.9	-5	4.7	-3	5.5	-1	6	0
4.53	27.5	0	0	0.86	2	1.72	4	3.75	-5	4.61	-3	5.47	-1	6	0
4.56	27.5	0	0	0.92	2	1.84	4	3.6	-5	4.52	-3	5.44	-1	6	0
4.59	27.5	0	0	0.98	2	1.96	4	3.45	-5	4.43	-3	5.41	-1	6	0
4.62	27.5	0	0	1.04	2	2.08	4	3.3	-5	4.34	-3	5.38	-1	6	0
4.65	27.5	0	0	1.1	2	2.2	4	3.15	-5	4.25	-3	5.35	-1	6	0
4.68	27.5	0	0	1.16	2	2.32	4	3	-5	4.16	-3	5.32	-1	6	0
4.71	27.5	0	0	1.22	2	2.44	4	2.85	-5	4.07	-3	5.29	-1	6	0
4.74	27.5	0	0	1.28	2	2.5	-5	2.76	4	3.98	-3	5.26	-1	6	0
4.77	27.5	0	0	1.34	2	2.35	-5	2.88	4	3.89	-3	5.23	-1	6	0
4.8	27.5	0	0	1.4	2	2.2	-5	3	4	3.8	-3	5.2	-1	6	0
4.83	27.5	0	0	1.46	2	2.05	-5	3.12	4	3.71	-3	5.17	-1	6	0
4.86	27.5	0	0	1.52	2	1.9	-5	3.24	4	3.62	-3	5.14	-1	6	0
4.89	27.5	0	0	1.55	-5	1.78	2	3.33	-3	3.56	4	5.11	-1	6	0
4.92	27.5	0	0	1.4	-5	1.84	2	3.24	-3	3.68	4	5.08	-1	6	0
4.95	27.5	0	0	1.25	-5	1.9	2	3.15	-3	3.8	4	5.05	-1	6	0
4.98	27.5	0	0	1.1	-5	1.96	2	3.06	-3	3.92	4	5.02	-1	6	0
5.01	27.5	0	0	0.95	-5	2.02	2	2.97	-3	4.04	4	4.99	-1	6	0
5.04	27.5	0	0	0.8	-5	2.08	2	2.88	-3	4.16	4	4.96	-1	6	0
5.07	27.5	0	0	0.65	-5	2.14	2	2.79	-3	4.28	4	4.93	-1	6	0
5.1	27.5	0	0	0.5	-5	2.2	2	2.7	-3	4.4	4	4.9	-1	6	0
5.13	27.5	0	0	0.35	-5	2.26	2	2.61	-3	4.52	4	4.87	-1	6	0
5.16	27.5	0	0	0.2	-5	2.32	2	2.52	-3	4.64	-1	4.84	4	6	0
5.19	27.5	0	0	0.15	5	2.23	-3	2.58	2	4.61	-1	4.96	4	6	0
5.22	27.5	0	0	0.3	5	2.14	-3	2.64	2	4.58	-1	5.08	4	6	0
5.25	27.5	0	0	0.45	5	2.05	-3	2.7	2	4.55	-1	5.2	4	6	0
5.28	27.5	0	0	0.6	5	1.96	-3	2.76	2	4.52	-1	5.32	4	6	0
5.31	27.5	0	0	0.75	5	1.87	-3	2.82	2	4.49	-1	5.44	4	6	0
5.34	27.5	0	0	0.9	5	1.78	-3	2.88	2	4.46	-1	5.56	4	6	0
5.37	27.5	0	0	1.05	5	1.69	-3	2.94	2	4.43	-1	5.68	4	6	0
5.4	27.5	0	0	1.2	5	1.6	-3	3	2	4.4	-1	5.8	4	6	0
5.43	27.5	0	0	1.31	-3	1.55	5	3.06	2	4.37	-1	5.88	-4	6	0
5.46	27.5	0	0	1.22	-3	1.7	5	3.12	2	4.34	-1	5.76	-4	6	0
5.49	27.5	0	0	1.13	-3	1.85	5	3.18	2	4.31	-1	5.64	-4	6	0
5.52	27.5	0	0	1.04	-3	2	5	3.24	2	4.28	-1	5.52	-4	6	0
5.55	27.5	0	0	0.95	-3	2.15	5	3.3	2	4.25	-1	5.4	-4	6	0
5.58	27.5	0	0	0.86	-3	2.3	5	3.36	2	4.22	-1	5.28	-4	6	0
5.61	27.5	0	0	0.77	-3	2.45	5	3.42	2	4.19	-1	5.16	-4	6	0
5.64	27.5	0	0	0.68	-3	2.6	5	3.48	2	4.16	-1	5.04	-4	6	0
5.67	27.5	0	0	0.59	-3	2.75	5	3.54	2	4.13	-1	4.92	-4	6	0
5.7	27.5	0	0	0.5	-3	2.9	5	3.6	2	4.1	-1	4.8	-4	6	0
5.73	27.5	0	0	0.41	-3	3.05	5	3.66	2	4.07	-1	4.68	-4	6	0
5.76	27.5	0	0	0.32	-3	3.2	5	3.72	2	4.04	-1	4.56	-4	6	0
5.79	27.5	0	0	0.23	-3	3.35	5	3.78	2	4.01	-1	4.44	-4	6	0
5.82	27.5	0	0	0.14	-3	3.5	5	3.78	-1	4.04	2	4.32	-4	6	0
5.85	27.5	0	0	0.15	3	3.55	-1	3.8	-4	4.05	5	4.3	2	6	0
5.88	27.5	0	0	0.24	3	3.48	-4	3.72	-1	4.16	2	4.4	5	6	0
5.91	27.5	0	0	0.33	3	3.36	-4	3.69	-1	4.22	2	4.55	5	6	0
5.94	27.5	0	0	0.42	3	3.24	-4	3.66	-1	4.28	2	4.7	5	6	0
5.97	27.5	0	0	0.51	3	3.12	-4	3.63	-1	4.34	2	4.85	5	6	0
6	27.5	0	0	0.6	3	3	-4	3.6	-1	4.4	2	5	5	6	0
6.03	27.5	0	0	0.69	3	2.88	-4	3.57	-1	4.46	2	5.15	5	6	0
6.06	27.5	0	0	0.78	3	2.76	-4	3.54	-1	4.52	2	5.3	5	6	0
6.09	27.5	0	0	0.87	3	2.64	-4	3.51	-1	4.58	2	5.45	5	6	0
6.12	27.5	0	0	0.96	3	2.52	-4	3.48	-1	4.64	2	5.6	5	6	0
6.15	27.5	0	0	1.05	3	2.4	-4	3.45	-1	4.7	2	5.75	5	6	0
6.18	27.5	0	0	1.14	3	2.28	-4	3.42	-1	4.76	2	5.9	-5	6	0
6.21	27.5	0	0	1.23	3	2.16	-4	3.39	-1	4.82	2	5.75	-5	6	0
6.24	27.5	0	0	1.32	3	2.04	-4	3.36	-1	4.88	2	5.6	-5	6	0
6.27	27.5	0	0	1.41	3	1.92	-4	3.33	-1	4.94	2	5.45	-5	6	0
6.3	27.5	0	0	1.5	3	1.8	-4	3.3	-1	5	2	5.3	-5	6	0
6.33	27.5	0	0	1.48	-4	1.79	3	3.27	-1	4.95	-5	5.26	2	6	0
6.36	27.5	0	0	1.36	-4	1.88	3	3.24	-1	4.8	-5	5.32	2	6	0
6.39	27.5	0	0	1.24	-4	1.97	3	3.21	-1	4.65	-5	5.38	2	6	0
6.42	27.5	0	0	1.12	-4	2.06	3	3.18	-1	4.5	-5	5.44	2	6	0
6.45	27.5	0	0	1	-4	2.15	3	3.15	-1	4.35	-5	5.5	2	6	0
6.48	27.5	0	0	0.88	-4	2.24	3	3.12	-1	4.2	-5	5.56	2	6	0
6.51	27.5	0	0	0.76	-4	2.33	3	3.09	-1	4.05	-5	5.62	2	6	0
6.54	27.5	0	0	0.64	-4	2.42	3	3.06	-1	3.9	-5	5.68	2	6	0
6.57	27.5	0	0	0.52	-4	2.51	3	3.03	-1	3.75	-5	5.74	2	6	0
6.6	27.5	0	0	0.4	-4	2.6	3	3	-1	3.6	-5	5.8	2	6	0
6.63	27.5	0	0	0.28	-4	2.69	3	2.97	-1	3.45	-5	5.86	2	6	0
6.66	27.5	0	0	0.16	-4	2.74	-1	2.98	3	3.3	-5	5.88	-2	6	0
6.69	27.5	0	0	0.16	4	2.71	-1	2.95	-5	3.27	3	5.82	-2	6	0
6.72	27.5	0	0	0.28	4	2.6	-5	2.88	-1	3.36	3	5.76	-2	6	0
6.75	27.5	0	0	0.4	4	2.45	-5	2.85	-1	3.45	3	5.7	-2	6	0
6.78	27.5	0	0	0.52	4	2.3	-5	2.82	-1	3.54	3	5.64	-2	6	0
6.81	27.5	0	0	0.64	4	2.15	-5	2.79	-1	3.63	3	5.58	-2	6	0
6.84	27.5	0	0	0.76	4	2	-5	2.76	-1	3.72	3	5.52	-2	6	0
6.87	27.5	0	0	0.88	4	1.85	-5	2.73	-1	3.81	3	5.46	-2	6	0
6.9	27.5	0	0	1	4	1.7	-5	2.7	-1	3.9	3	5.4	-2	6	0
6.93	27.5	0	0	1.12	4	1.55	-5	2.67	-1	3.99	3	5.34	-2	6	0
6.96	27.5	0	0	1.2	-5	1.44	4	2.64	-1	4.08	3	5.28	-2	6	0
6.99	27.5	0	0	1.05	-5	1.56	4	2.61	-1	4.17	3	5.22	-2	6	0
7.02	27.5	0	0	0.9	-5	1.68	4	2.58	-1	4.26	3	5.16	-2	6	0
7.05	27.5	0	0	0.75	-5	1.8	4	2.55	-1	4.35	3	5.1	-2	6	0
7.08	27.5	0	0	0.6	-5	1.92	4	2.52	-1	4.44	3	5.04	-2	6	0
7.11	27.5	0	0	0.45	-5	2.04	4	2.49	-1	4.53	3	4.98	-2	6	0
7.14	27.5	0	0	0.3	-5	2.16	4	2.46	-1	4.62	3	4.92	-2	6	0
7.17	27.5	0	0	0.15	-5	2.23	-1	2.48	4	4.66	-2	4.91	3	6	0
7.2	27.5	0	0	0.2	5	2.2	-1	2.6	4	4.6	-2	5	3	6	0
7.23	27.5	0	0	0.35	5	2.17	-1	2.72	4	4.54	-2	5.09	3	6	0
7.26	27.5	0	0	0.5	5	2.14	-1	2.84	4	4.48	-2	5.18	3	6	0
7.29	27.5	0	0	0.65	5	2.11	-1	2.96	4	4.42	-2	5.27	3	6	0
7.32	27.5	0	0	0.8	5	2.08	-1	3.08	4	4.36	-2	5.36	3	6	0
7.35	27.5	0	0	0.95	5	2.05	-1	3.2	4	4.3	-2	5.45	3	6	0
7.38	27.5	0	0	1.1	5	2.02	-1	3.32	4	4.24	-2	5.54	3	6	0
7.41	27.5	0	0	1.25	5	1.99	-1	3.44	4	4.18	-2	5.63	3	6	0
7.44	27.5	0	0	1.4	5	1.96	-1	3.56	4	4.12	-2	5.72	3	6	0
7.47	27.5	0	0	1.55	5	1.93	-1	3.68	4	4.06	-2	5.81	3	6	0
7.5	27.5	0	0	1.7	-1	1.9	5	3.8	4	4	-2	5.9	3	6	0
7.53	27.5	0	0	1.67	-1	2.05	5	3.74	-2	4.12	4	5.81	-3	6	0
7.56	27.5	0	0	1.64	-1	2.2	5	3.68	-2	4.24	4	5.72	-3	6	0
7.59	27.5	0	0	1.61	-1	2.35	5	3.62	-2	4.36	4	5.63	-3	6	0
7.62	27.5	0	0	1.58	-1	2.5	5	3.56	-2	4.48	4	5.54	-3	6	0
7.65	27.5	0	0	1.55	-1	2.65	5	3.5	-2	4.6	4	5.45	-3	6	0
7.68	27.5	0	0	1.52	-1	2.8	5	3.44	-2	4.72	4	5.36	-3	6	0
7.71	27.5	0	0	1.49	-1	2.95	5	3.38	-2	4.84	4	5.27	-3	6	0
7.74	27.5	0	0	1.46	-1	3.1	5	3.32	-2	4.96	4	5.18	-3	6	0
7.77	27.5	0	0	1.43	-1	3.06	-2	3.45	5	4.89	-3	5.28	4	6	0
7.8	27.5	0	0	1.4	-1	3	-2	3.6	5	4.8	-3	5.4	4	6	0
7.83	27.5	0	0	1.37	-1	2.94	-2	3.75	5	4.71	-3	5.52	4	6	0
7.86	27.5	0	0	1.34	-1	2.88	-2	3.9	5	4.62	-3	5.64	4	6	0
7.89	27.5	0	0	1.31	-1	2.82	-2	4.05	5	4.53	-3	5.76	4	6	0
7.92	27.5	0	0	1.28	-1	2.76	-2	4.2	5	4.44	-3	5.88	4	6	0
7.95	27.5	0	0	1.25	-1	2.7	-2	4.15	-3	4.55	5	5.8	-4	6	0
7.98	27.5	0	0	1.22	-1	2.64	-2	4.06	-3	4.7	5	5.68	-4	6	0
8.01	27.5	0	0	1.19	-1	2.58	-2	3.97	-3	4.85	5	5.56	-4	6	0
8.04	27.5	0	0	1.16	-1	2.52	-2	3.88	-3	5	5	5.44	-4	6	0
8.07	27.5	0	0	1.13	-1	2.46	-2	3.79	-3	5.12	-4	5.35	5	6	0
8.1	27.5	0	0	1.1	-1	2.4	-2	3.7	-3	5	-4	5.5	5	6	0
8.13	27.5	0	0	1.07	-1	2.34	-2	3.61	-3	4.88	-4	5.65	5	6	0
8.16	27.5	0	0	1.04	-1	2.28	-2	3.52	-3	4.76	-4	5.8	5	6	0
8.19	27.5	0	0	1.01	-1	2.22	-2	3.43	-3	4.64	-4	5.85	-5	6	0
8.22	27.5	0	0	0.98	-1	2.16	-2	3.34	-3	4.52	-4	5.7	-5	6	0
8.25	27.5	0	0	0.95	-1	2.1	-2	3.25	-3	4.4	-4	5.55	-5	6	0
8.28	27.5	0	0	0.92	-1	2.04	-2	3.16	-3	4.28	-4	5.4	-5	6	0
8.31	27.5	0	0	0.89	-1	1.98	-2	3.07	-3	4.16	-4	5.25	-5	6	0
8.34	27.5	0	0	0.86	-1	1.92	-2	2.98	-3	4.04	-4	5.1	-5	6	0
8.37	27.5	0	0	0.83	-1	1.86	-2	2.89	-3	3.92	-4	4.95	-5	6	0
8.4	27.5	0	0	0.8	-1	1.8	-2	2.8	-3	3.8	-4	4.8	-5	6	0
8.43	27.5	0	0	0.77	-1	1.74	-2	2.71	-3	3.68	-4	4.65	-5	6	0
8.46	27.5	0	0	0.74	-1	1.68	-2	2.62	-3	3.56	-4	4.5	-5	6	0
8.49	27.5	0	0	0.71	-1	1.62	-2	2.53	-3	3.44	-4	4.35	-5	6	0
8.52	27.5	0	0	0.68	-1	1.56	-2	2.44	-3	3.32	-4	4.2	-5	6	0
8.55	27.5	0	0	0.65	-1	1.5	-2	2.35	-3	3.2	-4	4.05	-5	6	0
8.58	27.5	0	0	0.62	-1	1.44	-2	2.26	-3	3.08	-4	3.9	-5	6	0
8.61	27.5	0	0	0.59	-1	1.38	-2	2.17	-3	2.96	-4	3.75	-5	6	0
8.64	27.5	0	0	0.56	-1	1.32	-2	2.08	-3	2.84	-4	3.6	-5	6	0
8.67	27.5	0	0	0.53	-1	1.26	-2	1.99	-3	2.72	-4	3.45	-5	6	0
8.7	27.5	0	0	0.5	-1	1.2	-2	1.9	-3	2.6	-4	3.3	-5	6	0
8.73	27.5	0	0	0.47	-1	1.14	-2	1.81	-3	2.48	-4	3.15	-5	6	0
8.76	27.5	0	0	0.44	-1	1.08	-2	1.72	-3	2.36	-4	3	-5	6	0
8.79	27.5	0	0	0.41	-1	1.02	-2	1.63	-3	2.24	-4	2.85	-5	6	0
8.82	27.5	0	0	0.38	-1	0.96	-2	1.54	-3	2.12	-4	2.7	-5	6	0
8.85	27.5	0	0	0.35	-1	0.9	-2	1.45	-3	2	-4	2.55	-5	6	0
8.88	27.5	0	0	0.32	-1	0.84	-2	1.36	-3	1.88	-4	2.4	-5	6	0
8.91	27.5	0	0	0.29	-1	0.78	-2	1.27	-3	1.76	-4	2.25	-5	6	0
8.94	27.5	0	0	0.26	-1	0.72	-2	1.18	-3	1.64	-4	2.1	-5	6	0
8.97	27.5	0	0	0.23	-1	0.66	-2	1.09	-3	1.52	-4	1.95	-5	6	0
9	27.5	0	0	0.2	-1	0.6	-2	1	-3	1.4	-4	1.8	-5	6	0
9.03	27.5	0	0	0.17	-1	0.54	-2	0.91	-3	1.28	-4	1.65	-5	6	0
9.06	27.5	0	0	0.14	-1	0.48	-2	0.82	-3	1.16	-4	1.5	-5	6	0
9.09	27.5	0	0	0.11	-1	0.42	-2	0.73	-3	1.04	-4	1.35	-5	6	0
9.12	27.5	0	0	0.12	1	0.36	-2	0.64	-3	0.92	-4	1.2	-5	6	0
9.15	27.5	0	0	0.1	-2	0.35	1	0.55	-3	0.8	-4	1.05	-5	6	0
9.18	27.5	0	0	0.1	5	0.32	4	0.54	3	0.76	2	0.98	1	6	0
9.21	27.5	0	0	0.21	1	0.42	2	0.63	3	0.84	4	1.05	5	6	0
9.24	27.5	0	0	0.24	1	0.48	2	0.72	3	0.96	4	1.2	5	6	0
9.27	27.5	0	0	0.27	1	0.54	2	0.81	3	1.08	4	1.35	5	6	0
9.3	27.5	0	0	0.3	1	0.6	2	0.9	3	1.2	4	1.5	5	6	0
9.33	27.5	0	0	0.33	1	0.66	2	0.99	3	1.32	4	1.65	5	6	0
9.36	27.5	0	0	0.36	1	0.72	2	1.08	3	1.44	4	1.8	5	6	0
9.39	27.5	0	0	0.39	1	0.78	2	1.17	3	1.56	4	1.95	5	6	0
9.42	27.5	0	0	0.42	1	0.84	2	1.26	3	1.68	4	2.1	5	6	0
9.45	27.5	0	0	0.45	1	0.9	2	1.35	3	1.8	4	2.25	5	6	0
9.48	27.5	0	0	0.48	1	0.96	2	1.44	3	1.92	4	2.4	5	6	0
9.51	27.5	0	0	0.51	1	1.02	2	1.53	3	2.04	4	2.55	5	6	0
9.54	27.5	0	0	0.54	1	1.08	2	1.62	3	2.16	4	2.7	5	6	0
9.57	27.5	0	0	0.57	1	1.14	2	1.71	3	2.28	4	2.85	5	6	0
9.6	27.5	0	0	0.6	1	1.2	2	1.8	3	2.4	4	3	5	6	0
9.63	27.5	0	0	0.63	1	1.26	2	1.89	3	2.52	4	3.15	5	6	0
9.66	27.5	0	0	0.66	1	1.32	2	1.98	3	2.64	4	3.3	5	6	0
9.69	27.5	0	0	0.69	1	1.38	2	2.07	3	2.76	4	3.45	5	6	0
9.72	27.5	0	0	0.72	1	1.44	2	2.16	3	2.88	4	3.6	5	6	0
9.75	27.5	0	0	0.75	1	1.5	2	2.25	3	3	4	3.75	5	6	0
9.78	27.5	0	0	0.78	1	1.56	2	2.34	3	3.12	4	3.9	5	6	0
9.81	27.5	0	0	0.81	1	1.62	2	2.43	3	3.24	4	4.05	5	6	0
9.84	27.5	0	0	0.84	1	1.68	2	2.52	3	3.36	4	4.2	5	6	0
9.87	27.5	0	0	0.87	1	1.74	2	2.61	3	3.48	4	4.35	5	6	0
9.9	27.5	0	0	0.9	1	1.8	2	2.7	3	3.6	4	4.5	5	6	0
9.93	27.5	0	0	0.93	1	1.86	2	2.79	3	3.72	4	4.65	5	6	0
9.96	27.5	0	0	0.96	1	1.92	2	2.88	3	3.84	4	4.8	5	6	0
9.99	27.5	0	0	0.99	1	1.98	2	2.97	3	3.96	4	4.95	5	6	0
10.02	27.5	0	0	1.02	1	2.04	2	3.06	3	4.08	4	5.1	5	6	0
10.05	27.5	0	0	1.05	1	2.1	2	3.15	3	4.2	4	5.25	5	6	0
10.08	27.5	0	0	1.08	1	2.16	2	3.24	3	4.32	4	5.4	5	6	0
10.11	27.5	0	0	1.11	1	2.22	2	3.33	3	4.44	4	5.55	5	6	0
10.14	27.5	0	0	1.14	1	2.28	2	3.42	3	4.56	4	5.7	5	6	0
10.17	27.5	0	0	1.17	1	2.34	2	3.51	3	4.68	4	5.85	5	6	0
10.2	27.5	0	0	1.2	1	2.4	2	3.6	3	4.8	4	5.8	-5	6	0
10.23	27.5	0	0	1.23	1	2.46	2	3.69	3	4.92	4	5.65	-5	6	0
10.26	27.5	0	0	1.26	1	2.52	2	3.78	3	5.04	4	5.5	-5	6	0
10.29	27.5	0	0	1.29	1	2.58	2	3.87	3	5.15	-5	5.36	4	6	0
10.32	27.5	0	0	1.32	1	2.64	2	3.96	3	5	-5	5.48	4	6	0
10.35	27.5	0	0	1.35	1	2.7	2	4.05	3	4.85	-5	5.6	4	6	0
10.38	27.5	0	0	1.38	1	2.76	2	4.14	3	4.7	-5	5.72	4	6	0
10.41	27.5	0	0	1.41	1	2.82	2	4.23	3	4.55	-5	5.84	4	6	0
10.44	27.5	0	0	1.44	1	2.88	2	4.2	-5	4.52	3	5.84	-4	6	0
10.47	27.5	0	0	1.47	1	2.94	2	4.05	-5	4.61	3	5.72	-4	6	0
10.5	27.5	0	0	1.5	1	3	2	3.9	-5	4.7	3	5.6	-4	6	0
10.53	27.5	0	0	1.53	1	3.06	2	3.75	-5	4.79	3	5.48	-4	6	0
10.56	27.5	0	0	1.56	1	3.12	2	3.6	-5	4.88	3	5.36	-4	6	0
10.59	27.5	0	0	1.59	1	3.18	2	3.45	-5	4.97	3	5.24	-4	6	0
10.62	27.5	0	0	1.62	1	3.1	-5	3.44	2	4.92	-4	5.26	3	6	0
10.65	27.5	0	0	1.65	1	2.95	-5	3.5	2	4.8	-4	5.35	3	6	0
10.68	27.5	0	0	1.68	1	2.8	-5	3.56	2	4.68	-4	5.44	3	6	0
10.71	27.5	0	0	1.71	1	2.65	-5	3.62	2	4.56	-4	5.53	3	6	0
10.74	27.5	0	0	1.74	1	2.5	-5	3.68	2	4.44	-4	5.62	3	6	0
10.77	27.5	0	0	1.77	1	2.35	-5	3.74	2	4.32	-4	5.71	3	6	0
10.8	27.5	0	0	1.8	1	2.2	-5	3.8	2	4.2	-4	5.8	3	6	0
10.83	27.5	0	0	1.83	1	2.05	-5	3.86	2	4.08	-4	5.89	3	6	0
10.86	27.5	0	0	1.7	-5	2.06	1	3.76	-4	4.12	2	5.82	-3	6	0
10.89	27.5	0	0	1.55	-5	2.09	1	3.64	-4	4.18	2	5.73	-3	6	0
10.92	27.5	0	0	1.4	-5	2.12	1	3.52	-4	4.24	2	5.64	-3	6	0
10.95	27.5	0	0	1.25	-5	2.15	1	3.4	-4	4.3	2	5.55	-3	6	0
10.98	27.5	0	0	1.1	-5	2.18	1	3.28	-4	4.36	2	5.46	-3	6	0
11.01	27.5	0	0	0.95	-5	2.21	1	3.16	-4	4.42	2	5.37	-3	6	0
11.04	27.5	0	0	0.8	-5	2.24	1	3.04	-4	4.48	2	5.28	-3	6	0
11.07	27.5	0	0	0.65	-5	2.27	1	2.92	-4	4.54	2	5.19	-3	6	0
11.1	27.5	0	0	0.5	-5	2.3	1	2.8	-4	4.6	2	5.1	-3	6	0
11.13	27.5	0	0	0.35	-5	2.33	1	2.68	-4	4.66	2	5.01	-3	6	0
11.16	27.5	0	0	0.2	-5	2.36	-4	2.56	1	4.72	2	4.92	-3	6	0
11.19	27.5	0	0	0.15	5	2.24	-4	2.59	1	4.63	-3	4.98	2	6	0
11.22	27.5	0	0	0.3	5	2.12	-4	2.62	1	4.54	-3	5.04	2	6	0
11.25	27.5	0	0	0.45	5	2	-4	2.65	1	4.45	-3	5.1	2	6	0
11.28	27.5	0	0	0.6	5	1.88	-4	2.68	1	4.36	-3	5.16	2	6	0
11.31	27.5	0	0	0.75	5	1.76	-4	2.71	1	4.27	-3	5.22	2	6	0
11.34	27.5	0	0	0.9	5	1.64	-4	2.74	1	4.18	-3	5.28	2	6	0
11.37	27.5	0	0	1.05	5	1.52	-4	2.77	1	4.09	-3	5.34	2	6	0
11.4	27.5	0	0	1.2	-4	1.4	5	2.8	1	4	-3	5.4	2	6	0
11.43	27.5	0	0	1.08	-4	1.55	5	2.83	1	3.91	-3	5.46	2	6	0
11.46	27.5	0	0	0.96	-4	1.7	5	2.86	1	3.82	-3	5.52	2	6	0
11.49	27.5	0	0	0.84	-4	1.85	5	2.89	1	3.73	-3	5.58	2	6	0
11.52	27.5	0	0	0.72	-4	2	5	2.92	1	3.64	-3	5.64	2	6	0
11.55	27.5	0	0	0.6	-4	2.15	5	2.95	1	3.55	-3	5.7	2	6	0
11.58	27.5	0	0	0.48	-4	2.3	5	2.98	1	3.46	-3	5.76	2	6	0
11.61	27.5	0	0	0.36	-4	2.45	5	3.01	1	3.37	-3	5.82	2	6	0
11.64	27.5	0	0	0.24	-4	2.6	5	3.04	1	3.28	-3	5.88	2	6	0
11.67	27.5	0	0	0.12	-4	2.75	5	2.99	-3	3.27	1	5.86	-2	6	0
11.7	27.5	0	0	0.2	4	2.7	-3	3.1	1	3.3	5	5.8	-2	6	0
11.73	27.5	0	0	0.32	4	2.61	-3	3.13	1	3.45	5	5.74	-2	6	0
11.76	27.5	0	0	0.44	4	2.52	-3	3.16	1	3.6	5	5.68	-2	6	0
11.79	27.5	0	0	0.56	4	2.43	-3	3.19	1	3.75	5	5.62	-2	6	0
11.82	27.5	0	0	0.68	4	2.34	-3	3.22	1	3.9	5	5.56	-2	6	0
11.85	27.5	0	0	0.8	4	2.25	-3	3.25	1	4.05	5	5.5	-2	6	0
11.88	27.5	0	0	0.92	4	2.16	-3	3.28	1	4.2	5	5.44	-2	6	0
11.91	27.5	0	0	1.04	4	2.07	-3	3.31	1	4.35	5	5.38	-2	6	0
11.94	27.5	0	0	1.16	4	1.98	-3	3.34	1	4.5	5	5.32	-2	6	0
11.97	27.5	0	0	1.28	4	1.89	-3	3.37	1	4.65	5	5.26	-2	6	0
12	27.5	0	0	1.4	4	1.8	-3	3.4	1	4.8	5	5.2	-2	6	0
12.03	27.5	0	0	1.51	-3	1.72	4	3.43	1	4.94	-2	5.15	5	6	0
12.06	27.5	0	0	1.42	-3	1.84	4	3.46	1	4.88	-2	5.3	5	6	0
12.09	27.5	0	0	1.33	-3	1.96	4	3.49	1	4.82	-2	5.45	5	6	0
12.12	27.5	0	0	1.24	-3	2.08	4	3.52	1	4.76	-2	5.6	5	6	0
12.15	27.5	0	0	1.15	-3	2.2	4	3.55	1	4.7	-2	5.75	5	6	0
12.18	27.5	0	0	1.06	-3	2.32	4	3.58	1	4.64	-2	5.9	-5	6	0
12.21	27.5	0	0	0.97	-3	2.44	4	3.61	1	4.58	-2	5.75	-5	6	0
12.24	27.5	0	0	0.88	-3	2.56	4	3.64	1	4.52	-2	5.6	-5	6	0
12.27	27.5	0	0	0.79	-3	2.68	4	3.67	1	4.46	-2	5.45	-5	6	0
12.3	27.5	0	0	0.7	-3	2.8	4	3.7	1	4.4	-2	5.3	-5	6	0
12.33	27.5	0	0	0.61	-3	2.92	4	3.73	1	4.34	-2	5.15	-5	6	0
12.36	27.5	0	0	0.52	-3	3.04	4	3.76	1	4.28	-2	5	-5	6	0
12.39	27.5	0	0	0.43	-3	3.16	4	3.79	1	4.22	-2	4.85	-5	6	0
12.42	27.5	0	0	0.34	-3	3.28	4	3.82	1	4.16	-2	4.7	-5	6	0
12.45	27.5	0	0	0.25	-3	3.4	4	3.85	1	4.1	-2	4.55	-5	6	0
12.48	27.5	0	0	0.16	-3	3.52	4	3.84	-2	4.08	1	4.4	-5	6	0
12.51	27.5	0	0	0.13	3	3.58	-2	3.84	4	4.05	-5	4.31	1	6	0
12.54	27.5	0	0	0.22	3	3.5	-5	3.72	-2	4.14	1	4.36	4	6	0
12.57	27.5	0	0	0.31	3	3.35	-5	3.66	-2	4.17	1	4.48	4	6	0
12.6	27.5	0	0	0.4	3	3.2	-5	3.6	-2	4.2	1	4.6	4	6	0
12.63	27.5	0	0	0.49	3	3.05	-5	3.54	-2	4.23	1	4.72	4	6	0
12.66	27.5	0	0	0.58	3	2.9	-5	3.48	-2	4.26	1	4.84	4	6	0
12.69	27.5	0	0	0.67	3	2.75	-5	3.42	-2	4.29	1	4.96	4	6	0
12.72	27.5	0	0	0.76	3	2.6	-5	3.36	-2	4.32	1	5.08	4	6	0
12.75	27.5	0	0	0.85	3	2.45	-5	3.3	-2	4.35	1	5.2	4	6	0
12.78	27.5	0	0	0.94	3	2.3	-5	3.24	-2	4.38	1	5.32	4	6	0
12.81	27.5	0	0	1.03	3	2.15	-5	3.18	-2	4.41	1	5.44	4	6	0
12.84	27.5	0	0	1.12	3	2	-5	3.12	-2	4.44	1	5.56	4	6	0
12.87	27.5	0	0	1.21	3	1.85	-5	3.06	-2	4.47	1	5.68	4	6	0
12.9	27.5	0	0	1.3	3	1.7	-5	3	-2	4.5	1	5.8	4	6	0
12.93	27.5	0	0	1.35	-5	1.59	3	2.94	-2	4.53	1	5.88	-4	6	0
12.96	27.5	0	0	1.2	-5	1.68	3	2.88	-2	4.56	1	5.76	-4	6	0
12.99	27.5	0	0	1.05	-5	1.77	3	2.82	-2	4.59	1	5.64	-4	6	0
13.02	27.5	0	0	0.9	-5	1.86	3	2.76	-2	4.62	1	5.52	-4	6	0
13.05	27.5	0	0	0.75	-5	1.95	3	2.7	-2	4.65	1	5.4	-4	6	0
13.08	27.5	0	0	0.6	-5	2.04	3	2.64	-2	4.68	1	5.28	-4	6	0
13.11	27.5	0	0	0.45	-5	2.13	3	2.58	-2	4.71	1	5.16	-4	6	0
13.14	27.5	0	0	0.3	-5	2.22	3	2.52	-2	4.74	1	5.04	-4	6	0
13.17	27.5	0	0	0.15	-5	2.26	-2	2.51	3	4.72	-4	4.97	1	6	0
13.2	27.5	0	0	0.2	5	2.2	-2	2.6	3	4.6	-4	5	1	6	0
13.23	27.5	0	0	0.35	5	2.14	-2	2.69	3	4.48	-4	5.03	1	6	0
13.26	27.5	0	0	0.5	5	2.08	-2	2.78	3	4.36	-4	5.06	1	6	0
13.29	27.5	0	0	0.65	5	2.02	-2	2.87	3	4.24	-4	5.09	1	6	0
13.32	27.5	0	0	0.8	5	1.96	-2	2.96	3	4.12	-4	5.12	1	6	0
13.35	27.5	0	0	0.95	5	1.9	-2	3.05	3	4	-4	5.15	1	6	0
13.38	27.5	0	0	1.1	5	1.84	-2	3.14	3	3.88	-4	5.18	1	6	0
13.41	27.5	0	0	1.25	5	1.78	-2	3.23	3	3.76	-4	5.21	1	6	0
13.44	27.5	0	0	1.4	5	1.72	-2	3.32	3	3.64	-4	5.24	1	6	0
13.47	27.5	0	0	1.46	-2	1.75	5	3.32	-4	3.61	3	5.27	1	6	0
13.5	27.5	0	0	1.4	-2	1.9	5	3.2	-4	3.7	3	5.3	1	6	0
13.53	27.5	0	0	1.34	-2	2.05	5	3.08	-4	3.79	3	5.33	1	6	0
13.56	27.5	0	0	1.28	-2	2.2	5	2.96	-4	3.88	3	5.36	1	6	0
13.59	27.5	0	0	1.22	-2	2.35	5	2.84	-4	3.97	3	5.39	1	6	0
13.62	27.5	0	0	1.16	-2	2.5	5	2.72	-4	4.06	3	5.42	1	6	0
13.65	27.5	0	0	1.1	-2	2.4	-4	2.85	5	4.15	3	5.45	1	6	0
13.68	27.5	0	0	1.04	-2	2.28	-4	3	5	4.24	3	5.48	1	6	0
13.71	27.5	0	0	0.98	-2	2.16	-4	3.15	5	4.33	3	5.51	1	6	0
13.74	27.5	0	0	0.92	-2	2.04	-4	3.3	5	4.42	3	5.54	1	6	0
13.77	27.5	0	0	0.86	-2	1.92	-4	3.45	5	4.51	3	5.57	1	6	0
13.8	27.5	0	0	0.8	-2	1.8	-4	3.6	5	4.6	3	5.6	1	6	0
13.83	27.5	0	0	0.74	-2	1.68	-4	3.75	5	4.69	3	5.63	1	6	0
13.86	27.5	0	0	0.68	-2	1.56	-4	3.9	5	4.78	3	5.66	1	6	0
13.89	27.5	0	0	0.62	-2	1.44	-4	4.05	5	4.87	3	5.69	1	6	0
13.92	27.5	0	0	0.56	-2	1.32	-4	4.2	5	4.96	3	5.72	1	6	0
13.95	27.5	0	0	0.5	-2	1.2	-4	4.35	5	5.05	3	5.75	1	6	0
13.98	27.5	0	0	0.44	-2	1.08	-4	4.5	5	5.14	3	5.78	1	6	0
14.01	27.5	0	0	0.38	-2	0.96	-4	4.65	5	5.23	3	5.81	1	6	0
14.04	27.5	0	0	0.32	-2	0.84	-4	4.8	5	5.32	3	5.84	1	6	0
14.07	27.5	0	0	0.26	-2	0.72	-4	4.95	5	5.41	3	5.87	1	6	0
14.1	27.5	0	0	0.2	-2	0.6	-4	5.1	5	5.5	3	5.9	-1	6	0
14.13	27.5	0	0	0.14	-2	0.48	-4	5.25	5	5.59	3	5.87	-1	6	0
14.16	27.5	0	0	0.12	2	0.36	-4	5.4	5	5.64	-1	5.88	3	6	0
14.19	27.5	0	0	0.16	4	0.38	2	5.41	-1	5.63	-3	5.85	-5	6	0
14.22	27.5	0	0	0.24	2	0.48	4	5.3	-5	5.54	-3	5.78	-1	6	0
14.25	27.5	0	0	0.3	2	0.6	4	5.15	-5	5.45	-3	5.75	-1	6	0
14.28	27.5	0	0	0.36	2	0.72	4	5	-5	5.36	-3	5.72	-1	6	0
14.31	27.5	0	0	0.42	2	0.84	4	4.85	-5	5.27	-3	5.69	-1	6	0
14.34	27.5	0	0	0.48	2	0.96	4	4.7	-5	5.18	-3	5.66	-1	6	0
14.37	27.5	0	0	0.54	2	1.08	4	4.55	-5	5.09	-3	5.63	-1	6	0
14.4	27.5	0	0	0.6	2	1.2	4	4.4	-5	5	-3	5.6	-1	6	0
14.43	27.5	0	0	0.66	2	1.32	4	4.25	-5	4.91	-3	5.57	-1	6	0
14.46	27.5	0	0	0.72	2	1.44	4	4.1	-5	4.82	-3	5.54	-1	6	0
14.49	27.5	0	0	0.78	2	1.56	4	3.95	-5	4.73	-3	5.51	-1	6	0
14.52	27.5	0	0	0.84	2	1.68	4	3.8	-5	4.64	-3	5.48	-1	6	0
14.55	27.5	0	0	0.9	2	1.8	4	3.65	-5	4.55	-3	5.45	-1	6	0
14.58	27.5	0	0	0.96	2	1.92	4	3.5	-5	4.46	-3	5.42	-1	6	0
14.61	27.5	0	0	1.02	2	2.04	4	3.35	-5	4.37	-3	5.39	-1	6	0
14.64	27.5	0	0	1.08	2	2.16	4	3.2	-5	4.28	-3	5.36	-1	6	0
14.67	27.5	0	0	1.14	2	2.28	4	3.05	-5	4.19	-3	5.33	-1	6	0
14.7	27.5	0	0	1.2	2	2.4	4	2.9	-5	4.1	-3	5.3	-1	6	0
14.73	27.5	0	0	1.26	2	2.52	4	2.75	-5	4.01	-3	5.27	-1	6	0
14.76	27.5	0	0	1.32	2	2.4	-5	2.84	4	3.92	-3	5.24	-1	6	0
14.79	27.5	0	0	1.38	2	2.25	-5	2.96	4	3.83	-3	5.21	-1	6	0
14.82	27.5	0	0	1.44	2	2.1	-5	3.08	4	3.74	-3	5.18	-1	6	0
14.85	27.5	0	0	1.5	2	1.95	-5	3.2	4	3.65	-3	5.15	-1	6	0
14.88	27.5	0	0	1.56	2	1.8	-5	3.32	4	3.56	-3	5.12	-1	6	0
14.91	27.5	0	0	1.45	-5	1.82	2	3.27	-3	3.64	4	5.09	-1	6	0
14.94	27.5	0	0	1.3	-5	1.88	2	3.18	-3	3.76	4	5.06	-1	6	0
14.97	27.5	0	0	1.15	-5	1.94	2	3.09	-3	3.88	4	5.03	-1	6	0
15	27.5	0	0	1	-5	2	2	3	-3	4	4	5	-1	6	0
15.03	27.5	0	0	0.85	-5	2.06	2	2.91	-3	4.12	4	4.97	-1	6	0
15.06	27.5	0	0	0.7	-5	2.12	2	2.82	-3	4.24	4	4.94	-1	6	0
15.09	27.5	0	0	0.55	-5	2.18	2	2.73	-3	4.36	4	4.91	-1	6	0
15.12	27.5	0	0	0.4	-5	2.24	2	2.64	-3	4.48	4	4.88	-1	6	0
15.15	27.5	0	0	0.25	-5	2.3	2	2.55	-3	4.6	4	4.85	-1	6	0
15.18	27.5	0	0	0.1	5	2.26	-3	2.56	2	4.62	-1	4.92	4	6	0
15.21	27.5	0	0	0.25	5	2.17	-3	2.62	2	4.59	-1	5.04	4	6	0
15.24	27.5	0	0	0.4	5	2.08	-3	2.68	2	4.56	-1	5.16	4	6	0
15.27	27.5	0	0	0.55	5	1.99	-3	2.74	2	4.53	-1	5.28	4	6	0
15.3	27.5	0	0	0.7	5	1.9	-3	2.8	2	4.5	-1	5.4	4	6	0
15.33	27.5	0	0	0.85	5	1.81	-3	2.86	2	4.47	-1	5.52	4	6	0
15.36	27.5	0	0	1	5	1.72	-3	2.92	2	4.44	-1	5.64	4	6	0
15.39	27.5	0	0	1.15	5	1.63	-3	2.98	2	4.41	-1	5.76	4	6	0
15.42	27.5	0	0	1.3	5	1.54	-3	3.04	2	4.38	-1	5.88	4	6	0
15.45	27.5	0	0	1.25	-3	1.65	5	3.1	2	4.35	-1	5.8	-4	6	0
15.48	27.5	0	0	1.16	-3	1.8	5	3.16	2	4.32	-1	5.68	-4	6	0
15.51	27.5	0	0	1.07	-3	1.95	5	3.22	2	4.29	-1	5.56	-4	6	0
15.54	27.5	0	0	0.98	-3	2.1	5	3.28	2	4.26	-1	5.44	-4	6	0
15.57	27.5	0	0	0.89	-3	2.25	5	3.34	2	4.23	-1	5.32	-4	6	0
15.6	27.5	0	0	0.8	-3	2.4	5	3.4	2	4.2	-1	5.2	-4	6	0
15.63	27.5	0	0	0.71	-3	2.55	5	3.46	2	4.17	-1	5.08	-4	6	0
15.66	27.5	0	0	0.62	-3	2.7	5	3.52	2	4.14	-1	4.96	-4	6	0
15.69	27.5	0	0	0.53	-3	2.85	5	3.58	2	4.11	-1	4.84	-4	6	0
15.72	27.5	0	0	0.44	-3	3	5	3.64	2	4.08	-1	4.72	-4	6	0
15.75	27.5	0	0	0.35	-3	3.15	5	3.7	2	4.05	-1	4.6	-4	6	0
15.78	27.5	0	0	0.26	-3	3.3	5	3.76	2	4.02	-1	4.48	-4	6	0
15.81	27.5	0	0	0.17	-3	3.45	5	3.79	-1	4.02	2	4.36	-4	6	0
15.84	27.5	0	0	0.12	3	3.56	-1	3.8	5	4.04	-4	4.28	2	6	0
15.87	27.5	0	0	0.21	3	3.52	-4	3.73	-1	4.14	2	4.35	5	6	0
15.9	27.5	0	0	0.3	3	3.4	-4	3.7	-1	4.2	2	4.5	5	6	0
15.93	27.5	0	0	0.39	3	3.28	-4	3.67	-1	4.26	2	4.65	5	6	0
15.96	27.5	0	0	0.48	3	3.16	-4	3.64	-1	4.32	2	4.8	5	6	0
15.99	27.5	0	0	0.57	3	3.04	-4	3.61	-1	4.38	2	4.95	5	6	0
16.02	27.5	0	0	0.66	3	2.92	-4	3.58	-1	4.44	2	5.1	5	6	0
16.05	27.5	0	0	0.75	3	2.8	-4	3.55	-1	4.5	2	5.25	5	6	0
16.08	27.5	0	0	0.84	3	2.68	-4	3.52	-1	4.56	2	5.4	5	6	0
16.11	27.5	0	0	0.93	3	2.56	-4	3.49	-1	4.62	2	5.55	5	6	0
16.14	27.5	0	0	1.02	3	2.44	-4	3.46	-1	4.68	2	5.7	5	6	0
16.17	27.5	0	0	1.11	3	2.32	-4	3.43	-1	4.74	2	5.85	5	6	0
16.2	27.5	0	0	1.2	3	2.2	-4	3.4	-1	4.8	2	5.8	-5	6	0
16.23	27.5	0	0	1.29	3	2.08	-4	3.37	-1	4.86	2	5.65	-5	6	0
16.26	27.5	0	0	1.38	3	1.96	-4	3.34	-1	4.92	2	5.5	-5	6	0
16.29	27.5	0	0	1.47	3	1.84	-4	3.31	-1	4.98	2	5.35	-5	6	0
16.32	27.5	0	0	1.52	-4	1.76	3	3.28	-1	5	-5	5.24	2	6	0
16.35	27.5	0	0	1.4	-4	1.85	3	3.25	-1	4.85	-5	5.3	2	6	0
16.38	27.5	0	0	1.28	-4	1.94	3	3.22	-1	4.7	-5	5.36	2	6	0
16.41	27.5	0	0	1.16	-4	2.03	3	3.19	-1	4.55	-5	5.42	2	6	0
16.44	27.5	0	0	1.04	-4	2.12	3	3.16	-1	4.4	-5	5.48	2	6	0
16.47	27.5	0	0	0.92	-4	2.21	3	3.13	-1	4.25	-5	5.54	2	6	0
16.5	27.5	0	0	0.8	-4	2.3	3	3.1	-1	4.1	-5	5.6	2	6	0
16.53	27.5	0	0	0.68	-4	2.39	3	3.07	-1	3.95	-5	5.66	2	6	0
16.56	27.5	0	0	0.56	-4	2.48	3	3.04	-1	3.8	-5	5.72	2	6	0
16.59	27.5	0	0	0.44	-4	2.57	3	3.01	-1	3.65	-5	5.78	2	6	0
16.62	27.5	0	0	0.32	-4	2.66	3	2.98	-1	3.5	-5	5.84	2	6	0
16.65	27.5	0	0	0.2	-4	2.75	3	2.95	-1	3.35	-5	5.9	2	6	0
16.68	27.5	0	0	0.12	4	2.72	-1	3	-5	3.24	3	5.84	-2	6	0
16.71	27.5	0	0	0.24	4	2.65	-5	2.89	-1	3.33	3	5.78	-2	6	0
16.74	27.5	0	0	0.36	4	2.5	-5	2.86	-1	3.42	3	5.72	-2	6	0
16.77	27.5	0	0	0.48	4	2.35	-5	2.83	-1	3.51	3	5.66	-2	6	0
16.8	27.5	0	0	0.6	4	2.2	-5	2.8	-1	3.6	3	5.6	-2	6	0
16.83	27.5	0	0	0.72	4	2.05	-5	2.77	-1	3.69	3	5.54	-2	6	0
16.86	27.5	0	0	0.84	4	1.9	-5	2.74	-1	3.78	3	5.48	-2	6	0
16.89	27.5	0	0	0.96	4	1.75	-5	2.71	-1	3.87	3	5.42	-2	6	0
16.92	27.5	0	0	1.08	4	1.6	-5	2.68	-1	3.96	3	5.36	-2	6	0
16.95	27.5	0	0	1.2	4	1.45	-5	2.65	-1	4.05	3	5.3	-2	6	0
16.98	27.5	0	0	1.1	-5	1.52	4	2.62	-1	4.14	3	5.24	-2	6	0
17.01	27.5	0	0	0.95	-5	1.64	4	2.59	-1	4.23	3	5.18	-2	6	0
17.04	27.5	0	0	0.8	-5	1.76	4	2.56	-1	4.32	3	5.12	-2	6	0
17.07	27.5	0	0	0.65	-5	1.88	4	2.53	-1	4.41	3	5.06	-2	6	0
17.1	27.5	0	0	0.5	-5	2	4	2.5	-1	4.5	3	5	-2	6	0
17.13	27.5	0	0	0.35	-5	2.12	4	2.47	-1	4.59	3	4.94	-2	6	0
17.16	27.5	0	0	0.2	-5	2.24	-1	2.44	4	4.68	3	4.88	-2	6	0
17.19	27.5	0	0	0.15	5	2.21	-1	2.56	4	4.62	-2	4.97	3	6	0
17.22	27.5	0	0	0.3	5	2.18	-1	2.68	4	4.56	-2	5.06	3	6	0
17.25	27.5	0	0	0.45	5	2.15	-1	2.8	4	4.5	-2	5.15	3	6	0
17.28	27.5	0	0	0.6	5	2.12	-1	2.92	4	4.44	-2	5.24	3	6	0
17.31	27.5	0	0	0.75	5	2.09	-1	3.04	4	4.38	-2	5.33	3	6	0
17.34	27.5	0	0	0.9	5	2.06	-1	3.16	4	4.32	-2	5.42	3	6	0
17.37	27.5	0	0	1.05	5	2.03	-1	3.28	4	4.26	-2	5.51	3	6	0
17.4	27.5	0	0	1.2	5	2	-1	3.4	4	4.2	-2	5.6	3	6	0
17.43	27.5	0	0	1.35	5	1.97	-1	3.52	4	4.14	-2	5.69	3	6	0
17.46	27.5	0	0	1.5	5	1.94	-1	3.64	4	4.08	-2	5.78	3	6	0
17.49	27.5	0	0	1.65	5	1.91	-1	3.76	4	4.02	-2	5.87	3	6	0
17.52	27.5	0	0	1.68	-1	2	5	3.76	-2	4.08	4	5.84	-3	6	0
17.55	27.5	0	0	1.65	-1	2.15	5	3.7	-2	4.2	4	5.75	-3	6	0
17.58	27.5	0	0	1.62	-1	2.3	5	3.64	-2	4.32	4	5.66	-3	6	0
17.61	27.5	0	0	1.59	-1	2.45	5	3.58	-2	4.44	4	5.57	-3	6	0
17.64	27.5	0	0	1.56	-1	2.6	5	3.52	-2	4.56	4	5.48	-3	6	0
17.67	27.5	0	0	1.53	-1	2.75	5	3.46	-2	4.68	4	5.39	-3	6	0
17.7	27.5	0	0	1.5	-1	2.9	5	3.4	-2	4.8	4	5.3	-3	6	0
17.73	27.5	0	0	1.47	-1	3.05	5	3.34	-2	4.92	4	5.21	-3	6	0
17.76	27.5	0	0	1.44	-1	3.08	-2	3.4	5	4.92	-3	5.24	4	6	0
17.79	27.5	0	0	1.41	-1	3.02	-2	3.55	5	4.83	-3	5.36	4	6	0
17.82	27.5	0	0	1.38	-1	2.96	-2	3.7	5	4.74	-3	5.48	4	6	0
17.85	27.5	0	0	1.35	-1	2.9	-2	3.85	5	4.65	-3	5.6	4	6	0
17.88	27.5	0	0	1.32	-1	2.84	-2	4	5	4.56	-3	5.72	4	6	0
17.91	27.5	0	0	1.29	-1	2.78	-2	4.15	5	4.47	-3	5.84	4	6	0
17.94	27.5	0	0	1.26	-1	2.72	-2	4.18	-3	4.5	5	5.84	-4	6	0
17.97	27.5	0	0	1.23	-1	2.66	-2	4.09	-3	4.65	5	5.72	-4	6	0
18	27.5	0	0	1.2	-1	2.6	-2	4	-3	4.8	5	5.6	-4	6	0
18.03	27.5	0	0	1.17	-1	2.54	-2	3.91	-3	4.95	5	5.48	-4	6	0
18.06	27.5	0	0	1.14	-1	2.48	-2	3.82	-3	5.1	5	5.36	-4	6	0
18.09	27.5	0	0	1.11	-1	2.42	-2	3.73	-3	5.04	-4	5.45	5	6	0
18.12	27.5	0	0	1.08	-1	2.36	-2	3.64	-3	4.92	-4	5.6	5	6	0
18.15	27.5	0	0	1.05	-1	2.3	-2	3.55	-3	4.8	-4	5.75	5	6	0
18.18	27.5	0	0	1.02	-1	2.24	-2	3.46	-3	4.68	-4	5.9	-5	6	0
18.21	27.5	0	0	0.99	-1	2.18	-2	3.37	-3	4.56	-4	5.75	-5	6	0
18.24	27.5	0	0	0.96	-1	2.12	-2	3.28	-3	4.44	-4	5.6	-5	6	0
18.27	27.5	0	0	0.93	-1	2.06	-2	3.19	-3	4.32	-4	5.45	-5	6	0
18.3	27.5	0	0	0.9	-1	2	-2	3.1	-3	4.2	-4	5.3	-5	6	0
18.33	27.5	0	0	0.87	-1	1.94	-2	3.01	-3	4.08	-4	5.15	-5	6	0
18.36	27.5	0	0	0.84	-1	1.88	-2	2.92	-3	3.96	-4	5	-5	6	0
18.39	27.5	0	0	0.81	-1	1.82	-2	2.83	-3	3.84	-4	4.85	-5	6	0
18.42	27.5	0	0	0.78	-1	1.76	-2	2.74	-3	3.72	-4	4.7	-5	6	0
18.45	27.5	0	0	0.75	-1	1.7	-2	2.65	-3	3.6	-4	4.55	-5	6	0
18.48	27.5	0	0	0.72	-1	1.64	-2	2.56	-3	3.48	-4	4.4	-5	6	0
18.51	27.5	0	0	0.69	-1	1.58	-2	2.47	-3	3.36	-4	4.25	-5	6	0
18.54	27.5	0	0	0.66	-1	1.52	-2	2.38	-3	3.24	-4	4.1	-5	6	0
18.57	27.5	0	0	0.63	-1	1.46	-2	2.29	-3	3.12	-4	3.95	-5	6	0
18.6	27.5	0	0	0.6	-1	1.4	-2	2.2	-3	3	-4	3.8	-5	6	0
18.63	27.5	0	0	0.57	-1	1.34	-2	2.11	-3	2.88	-4	3.65	-5	6	0
18.66	27.5	0	0	0.54	-1	1.28	-2	2.02	-3	2.76	-4	3.5	-5	6	0
18.69	27.5	0	0	0.51	-1	1.22	-2	1.93	-3	2.64	-4	3.35	-5	6	0
18.72	27.5	0	0	0.48	-1	1.16	-2	1.84	-3	2.52	-4	3.2	-5	6	0
18.75	27.5	0	0	0.45	-1	1.1	-2	1.75	-3	2.4	-4	3.05	-5	6	0
18.78	27.5	0	0	0.42	-1	1.04	-2	1.66	-3	2.28	-4	2.9	-5	6	0
18.81	27.5	0	0	0.39	-1	0.98	-2	1.57	-3	2.16	-4	2.75	-5	6	0
18.84	27.5	0	0	0.36	-1	0.92	-2	1.48	-3	2.04	-4	2.6	-5	6	0
18.87	27.5	0	0	0.33	-1	0.86	-2	1.39	-3	1.92	-4	2.45	-5	6	0
18.9	27.5	0	0	0.3	-1	0.8	-2	1.3	-3	1.8	-4	2.3	-5	6	0
18.93	27.5	0	0	0.27	-1	0.74	-2	1.21	-3	1.68	-4	2.15	-5	6	0
18.96	27.5	0	0	0.24	-1	0.68	-2	1.12	-3	1.56	-4	2	-5	6	0
18.99	27.5	0	0	0.21	-1	0.62	-2	1.03	-3	1.44	-4	1.85	-5	6	0
19.02	27.5	0	0	0.18	-1	0.56	-2	0.94	-3	1.32	-4	1.7	-5	6	0
19.05	27.5	0	0	0.15	-1	0.5	-2	0.85	-3	1.2	-4	1.55	-5	6	0
19.08	27.5	0	0	0.12	-1	0.44	-2	0.76	-3	1.08	-4	1.4	-5	6	0
19.11	27.5	0	0	0.11	1	0.38	-2	0.67	-3	0.96	-4	1.25	-5	6	0
19.14	27.5	0	0	0.12	-2	0.34	1	0.58	-3	0.84	-4	1.1	-5	6	0
19.17	27.5	0	0	0.11	3	0.32	-4	0.54	2	0.75	-5	0.97	1	6	0
19.2	27.5	0	0	0.2	2	0.4	3	0.6	1	0.8	5	1	4	6	0
19.23	27.5	0	0	0.23	1	0.46	2	0.69	3	0.92	4	1.15	5	6	0
19.26	27.5	0	0	0.26	1	0.52	2	0.78	3	1.04	4	1.3	5	6	0
19.29	27.5	0	0	0.29	1	0.58	2	0.87	3	1.16	4	1.45	5	6	0
19.32	27.5	0	0	0.32	1	0.64	2	0.96	3	1.28	4	1.6	5	6	0
19.35	27.5	0	0	0.35	1	0.7	2	1.05	3	1.4	4	1.75	5	6	0
19.38	27.5	0	0	0.38	1	0.76	2	1.14	3	1.52	4	1.9	5	6	0
19.41	27.5	0	0	0.41	1	0.82	2	1.23	3	1.64	4	2.05	5	6	0
19.44	27.5	0	0	0.44	1	0.88	2	1.32	3	1.76	4	2.2	5	6	0
19.47	27.5	0	0	0.47	1	0.94	2	1.41	3	1.88	4	2.35	5	6	0
19.5	27.5	0	0	0.5	1	1	2	1.5	3	2	4	2.5	5	6	0
19.53	27.5	0	0	0.53	1	1.06	2	1.59	3	2.12	4	2.65	5	6	0
19.56	27.5	0	0	0.56	1	1.12	2	1.68	3	2.24	4	2.8	5	6	0
19.59	27.5	0	0	0.59	1	1.18	2	1.77	3	2.36	4	2.95	5	6	0
19.62	27.5	0	0	0.62	1	1.24	2	1.86	3	2.48	4	3.1	5	6	0
19.65	27.5	0	0	0.65	1	1.3	2	1.95	3	2.6	4	3.25	5	6	0
19.68	27.5	0	0	0.68	1	1.36	2	2.04	3	2.72	4	3.4	5	6	0
19.71	27.5	0	0	0.71	1	1.42	2	2.13	3	2.84	4	3.55	5	6	0
19.74	27.5	0	0	0.74	1	1.48	2	2.22	3	2.96	4	3.7	5	6	0
19.77	27.5	0	0	0.77	1	1.54	2	2.31	3	3.08	4	3.85	5	6	0
19.8	27.5	0	0	0.8	1	1.6	2	2.4	3	3.2	4	4	5	6	0
19.83	27.5	0	0	0.83	1	1.66	2	2.49	3	3.32	4	4.15	5	6	0
19.86	27.5	0	0	0.86	1	1.72	2	2.58	3	3.44	4	4.3	5	6	0
19.89	27.5	0	0	0.89	1	1.78	2	2.67	3	3.56	4	4.45	5	6	0
19.92	27.5	0	0	0.92	1	1.84	2	2.76	3	3.68	4	4.6	5	6	0
19.95	27.5	0	0	0.95	1	1.9	2	2.85	3	3.8	4	4.75	5	6	0
19.98	27.5	0	0	0.98	1	1.96	2	2.94	3	3.92	4	4.9	5	6	0
20.01	27.5	0	0	1.01	1	2.02	2	3.03	3	4.04	4	5.05	5	6	0
20.04	27.5	0	0	1.04	1	2.08	2	3.12	3	4.16	4	5.2	5	6	0
20.07	27.5	0	0	1.07	1	2.14	2	3.21	3	4.28	4	5.35	5	6	0
20.1	27.5	0	0	1.1	1	2.2	2	3.3	3	4.4	4	5.5	5	6	0
20.13	27.5	0	0	1.13	1	2.26	2	3.39	3	4.52	4	5.65	5	6	0
20.16	27.5	0	0	1.16	1	2.32	2	3.48	3	4.64	4	5.8	5	6	0
20.19	27.5	0	0	1.19	1	2.38	2	3.57	3	4.76	4	5.85	-5	6	0
20.22	27.5	0	0	1.22	1	2.44	2	3.66	3	4.88	4	5.7	-5	6	0
20.25	27.5	0	0	1.25	1	2.5	2	3.75	3	5	4	5.55	-5	6	0
20.28	27.5	0	0	1.28	1	2.56	2	3.84	3	5.12	4	5.4	-5	6	0
20.31	27.5	0	0	1.31	1	2.62	2	3.93	3	5.05	-5	5.44	4	6	0
20.34	27.5	0	0	1.34	1	2.68	2	4.02	3	4.9	-5	5.56	4	6	0
20.37	27.5	0	0	1.37	1	2.74	2	4.11	3	4.75	-5	5.68	4	6	0
20.4	27.5	0	0	1.4	1	2.8	2	4.2	3	4.6	-5	5.8	4	6	0
20.43	27.5	0	0	1.43	1	2.86	2	4.25	-5	4.49	3	5.88	-4	6	0
20.46	27.5	0	0	1.46	1	2.92	2	4.1	-5	4.58	3	5.76	-4	6	0
20.49	27.5	0	0	1.49	1	2.98	2	3.95	-5	4.67	3	5.64	-4	6	0
20.52	27.5	0	0	1.52	1	3.04	2	3.8	-5	4.76	3	5.52	-4	6	0
20.55	27.5	0	0	1.55	1	3.1	2	3.65	-5	4.85	3	5.4	-4	6	0
20.58	27.5	0	0	1.58	1	3.16	2	3.5	-5	4.94	3	5.28	-4	6	0
20.61	27.5	0	0	1.61	1	3.15	-5	3.42	2	4.96	-4	5.23	3	6	0
20.64	27.5	0	0	1.64	1	3	-5	3.48	2	4.84	-4	5.32	3	6	0
20.67	27.5	0	0	1.67	1	2.85	-5	3.54	2	4.72	-4	5.41	3	6	0
20.7	27.5	0	0	1.7	1	2.7	-5	3.6	2	4.6	-4	5.5	3	6	0
20.73	27.5	0	0	1.73	1	2.55	-5	3.66	2	4.48	-4	5.59	3	6	0
20.76	27.5	0	0	1.76	1	2.4	-5	3.72	2	4.36	-4	5.68	3	6	0
20.79	27.5	0	0	1.79	1	2.25	-5	3.78	2	4.24	-4	5.77	3	6	0
20.82	27.5	0	0	1.82	1	2.1	-5	3.84	2	4.12	-4	5.86	3	6	0
20.85	27.5	0	0	1.75	-5	2.05	1	3.8	-4	4.1	2	5.85	-3	6	0
20.88	27.5	0	0	1.6	-5	2.08	1	3.68	-4	4.16	2	5.76	-3	6	0
20.91	27.5	0	0	1.45	-5	2.11	1	3.56	-4	4.22	2	5.67	-3	6	0
20.94	27.5	0	0	1.3	-5	2.14	1	3.44	-4	4.28	2	5.58	-3	6	0
20.97	27.5	0	0	1.15	-5	2.17	1	3.32	-4	4.34	2	5.49	-3	6	0
21	27.5	0	0	1	-5	2.2	1	3.2	-4	4.4	2	5.4	-3	6	0
21.03	27.5	0	0	0.85	-5	2.23	1	3.08	-4	4.46	2	5.31	-3	6	0
21.06	27.5	0	0	0.7	-5	2.26	1	2.96	-4	4.52	2	5.22	-3	6	0
21.09	27.5	0	0	0.55	-5	2.29	1	2.84	-4	4.58	2	5.13	-3	6	0
21.12	27.5	0	0	0.4	-5	2.32	1	2.72	-4	4.64	2	5.04	-3	6	0
21.15	27.5	0	0	0.25	-5	2.35	1	2.6	-4	4.7	2	4.95	-3	6	0
21.18	27.5	0	0	0.1	5	2.28	-4	2.58	1	4.66	-3	4.96	2	6	0
21.21	27.5	0	0	0.25	5	2.16	-4	2.61	1	4.57	-3	5.02	2	6	0
21.24	27.5	0	0	0.4	5	2.04	-4	2.64	1	4.48	-3	5.08	2	6	0
21.27	27.5	0	0	0.55	5	1.92	-4	2.67	1	4.39	-3	5.14	2	6	0
21.3	27.5	0	0	0.7	5	1.8	-4	2.7	1	4.3	-3	5.2	2	6	0
21.33	27.5	0	0	0.85	5	1.68	-4	2.73	1	4.21	-3	5.26	2	6	0
21.36	27.5	0	0	1	5	1.56	-4	2.76	1	4.12	-3	5.32	2	6	0
21.39	27.5	0	0	1.15	5	1.44	-4	2.79	1	4.03	-3	5.38	2	6	0
21.42	27.5	0	0	1.12	-4	1.5	5	2.82	1	3.94	-3	5.44	2	6	0
21.45	27.5	0	0	1	-4	1.65	5	2.85	1	3.85	-3	5.5	2	6	0
21.48	27.5	0	0	0.88	-4	1.8	5	2.88	1	3.76	-3	5.56	2	6	0
21.51	27.5	0	0	0.76	-4	1.95	5	2.91	1	3.67	-3	5.62	2	6	0
21.54	27.5	0	0	0.64	-4	2.1	5	2.94	1	3.58	-3	5.68	2	6	0
21.57	27.5	0	0	0.52	-4	2.25	5	2.97	1	3.49	-3	5.74	2	6	0
21.6	27.5	0	0	0.4	-4	2.4	5	3	1	3.4	-3	5.8	2	6	0
21.63	27.5	0	0	0.28	-4	2.55	5	3.03	1	3.31	-3	5.86	2	6	0
21.66	27.5	0	0	0.16	-4	2.7	5	3.02	-3	3.26	1	5.88	-2	6	0
21.69	27.5	0	0	0.16	4	2.73	-3	3.05	5	3.29	1	5.82	-2	6	0
21.72	27.5	0	0	0.28	4	2.64	-3	3.12	1	3.4	5	5.76	-2	6	0
21.75	27.5	0	0	0.4	4	2.55	-3	3.15	1	3.55	5	5.7	-2	6	0
21.78	27.5	0	0	0.52	4	2.46	-3	3.18	1	3.7	5	5.64	-2	6	0
21.81	27.5	0	0	0.64	4	2.37	-3	3.21	1	3.85	5	5.58	-2	6	0
21.84	27.5	0	0	0.76	4	2.28	-3	3.24	1	4	5	5.52	-2	6	0
21.87	27.5	0	0	0.88	4	2.19	-3	3.27	1	4.15	5	5.46	-2	6	0
21.9	27.5	0	0	1	4	2.1	-3	3.3	1	4.3	5	5.4	-2	6	0
21.93	27.5	0	0	1.12	4	2.01	-3	3.33	1	4.45	5	5.34	-2	6	0
21.96	27.5	0	0	1.24	4	1.92	-3	3.36	1	4.6	5	5.28	-2	6	0
21.99	27.5	0	0	1.36	4	1.83	-3	3.39	1	4.75	5	5.22	-2	6	0
22.02	27.5	0	0	1.48	4	1.74	-3	3.42	1	4.9	5	5.16	-2	6	0
22.05	27.5	0	0	1.45	-3	1.8	4	3.45	1	4.9	-2	5.25	5	6	0
22.08	27.5	0	0	1.36	-3	1.92	4	3.48	1	4.84	-2	5.4	5	6	0
22.11	27.5	0	0	1.27	-3	2.04	4	3.51	1	4.78	-2	5.55	5	6	0
22.14	27.5	0	0	1.18	-3	2.16	4	3.54	1	4.72	-2	5.7	5	6	0
22.17	27.5	0	0	1.09	-3	2.28	4	3.57	1	4.66	-2	5.85	5	6	0
22.2	27.5	0	0	1	-3	2.4	4	3.6	1	4.6	-2	5.8	-5	6	0
22.23	27.5	0	0	0.91	-3	2.52	4	3.63	1	4.54	-2	5.65	-5	6	0
22.26	27.5	0	0	0.82	-3	2.64	4	3.66	1	4.48	-2	5.5	-5	6	0
22.29	27.5	0	0	0.73	-3	2.76	4	3.69	1	4.42	-2	5.35	-5	6	0
22.32	27.5	0	0	0.64	-3	2.88	4	3.72	1	4.36	-2	5.2	-5	6	0
22.35	27.5	0	0	0.55	-3	3	4	3.75	1	4.3	-2	5.05	-5	6	0
22.38	27.5	0	0	0.46	-3	3.12	4	3.78	1	4.24	-2	4.9	-5	6	0
22.41	27.5	0	0	0.37	-3	3.24	4	3.81	1	4.18	-2	4.75	-5	6	0
22.44	27.5	0	0	0.28	-3	3.36	4	3.84	1	4.12	-2	4.6	-5	6	0
22.47	27.5	0	0	0.19	-3	3.48	4	3.86	-2	4.07	1	4.45	-5	6	0
22.5	27.5	0	0	0.1	-3	3.6	4	3.8	-2	4.1	-5	4.3	1	6	0
22.53	27.5	0	0	0.19	3	3.54	-2	3.75	-5	4.12	4	4.33	1	6	0
22.56	27.5	0	0	0.28	3	3.4	-5	3.68	-2	4.16	1	4.44	4	6	0
22.59	27.5	0	0	0.37	3	3.25	-5	3.62	-2	4.19	1	4.56	4	6	0
22.62	27.5	0	0	0.46	3	3.1	-5	3.56	-2	4.22	1	4.68	4	6	0
22.65	27.5	0	0	0.55	3	2.95	-5	3.5	-2	4.25	1	4.8	4	6	0
22.68	27.5	0	0	0.64	3	2.8	-5	3.44	-2	4.28	1	4.92	4	6	0
22.71	27.5	0	0	0.73	3	2.65	-5	3.38	-2	4.31	1	5.04	4	6	0
22.74	27.5	0	0	0.82	3	2.5	-5	3.32	-2	4.34	1	5.16	4	6	0
22.77	27.5	0	0	0.91	3	2.35	-5	3.26	-2	4.37	1	5.28	4	6	0
22.8	27.5	0	0	1	3	2.2	-5	3.2	-2	4.4	1	5.4	4	6	0
22.83	27.5	0	0	1.09	3	2.05	-5	3.14	-2	4.43	1	5.52	4	6	0
22.86	27.5	0	0	1.18	3	1.9	-5	3.08	-2	4.46	1	5.64	4	6	0
22.89	27.5	0	0	1.27	3	1.75	-5	3.02	-2	4.49	1	5.76	4	6	0
22.92	27.5	0	0	1.36	3	1.6	-5	2.96	-2	4.52	1	5.88	4	6	0
22.95	27.5	0	0	1.25	-5	1.65	3	2.9	-2	4.55	1	5.8	-4	6	0
22.98	27.5	0	0	1.1	-5	1.74	3	2.84	-2	4.58	1	5.68	-4	6	0
23.01	27.5	0	0	0.95	-5	1.83	3	2.78	-2	4.61	1	5.56	-4	6	0
23.04	27.5	0	0	0.8	-5	1.92	3	2.72	-2	4.64	1	5.44	-4	6	0
23.07	27.5	0	0	0.65	-5	2.01	3	2.66	-2	4.67	1	5.32	-4	6	0
23.1	27.5	0	0	0.5	-5	2.1	3	2.6	-2	4.7	1	5.2	-4	6	0
23.13	27.5	0	0	0.35	-5	2.19	3	2.54	-2	4.73	1	5.08	-4	6	0
23.16	27.5	0	0	0.2	-5	2.28	3	2.48	-2	4.76	-4	4.96	1	6	0
23.19	27.5	0	0	0.15	5	2.22	-2	2.57	3	4.64	-4	4.99	1	6	0
23.22	27.5	0	0	0.3	5	2.16	-2	2.66	3	4.52	-4	5.02	1	6	0
23.25	27.5	0	0	0.45	5	2.1	-2	2.75	3	4.4	-4	5.05	1	6	0
23.28	27.5	0	0	0.6	5	2.04	-2	2.84	3	4.28	-4	5.08	1	6	0
23.31	27.5	0	0	0.75	5	1.98	-2	2.93	3	4.16	-4	5.11	1	6	0
23.34	27.5	0	0	0.9	5	1.92	-2	3.02	3	4.04	-4	5.14	1	6	0
23.37	27.5	0	0	1.05	5	1.86	-2	3.11	3	3.92	-4	5.17	1	6	0
23.4	27.5	0	0	1.2	5	1.8	-2	3.2	3	3.8	-4	5.2	1	6	0
23.43	27.5	0	0	1.35	5	1.74	-2	3.29	3	3.68	-4	5.23	1	6	0
23.46	27.5	0	0	1.48	-2	1.7	5	3.36	-4	3.58	3	5.26	1	6	0
23.49	27.5	0	0	1.42	-2	1.85	5	3.24	-4	3.67	3	5.29	1	6	0
23.52	27.5	0	0	1.36	-2	2	5	3.12	-4	3.76	3	5.32	1	6	0
23.55	27.5	0	0	1.3	-2	2.15	5	3	-4	3.85	3	5.35	1	6	0
23.58	27.5	0	0	1.24	-2	2.3	5	2.88	-4	3.94	3	5.38	1	6	0
23.61	27.5	0	0	1.18	-2	2.45	5	2.76	-4	4.03	3	5.41	1	6	0
23.64	27.5	0	0	1.12	-2	2.44	-4	2.8	5	4.12	3	5.44	1	6	0
23.67	27.5	0	0	1.06	-2	2.32	-4	2.95	5	4.21	3	5.47	1	6	0
23.7	27.5	0	0	1	-2	2.2	-4	3.1	5	4.3	3	5.5	1	6	0
23.73	27.5	0	0	0.94	-2	2.08	-4	3.25	5	4.39	3	5.53	1	6	0
23.76	27.5	0	0	0.88	-2	1.96	-4	3.4	5	4.48	3	5.56	1	6	0
23.79	27.5	0	0	0.82	-2	1.84	-4	3.55	5	4.57	3	5.59	1	6	0
23.82	27.5	0	0	0.76	-2	1.72	-4	3.7	5	4.66	3	5.62	1	6	0
23.85	27.5	0	0	0.7	-2	1.6	-4	3.85	5	4.75	3	5.65	1	6	0
23.88	27.5	0	0	0.64	-2	1.48	-4	4	5	4.84	3	5.68	1	6	0
23.91	27.5	0	0	0.58	-2	1.36	-4	4.15	5	4.93	3	5.71	1	6	0
23.94	27.5	0	0	0.52	-2	1.24	-4	4.3	5	5.02	3	5.74	1	6	0
23.97	27.5	0	0	0.46	-2	1.12	-4	4.45	5	5.11	3	5.77	1	6	0
24	27.5	0	0	0.4	-2	1	-4	4.6	5	5.2	3	5.8	1	6	0
24.03	27.5	0	0	0.34	-2	0.88	-4	4.75	5	5.29	3	5.83	1	6	0
24.06	27.5	0	0	0.28	-2	0.76	-4	4.9	5	5.38	3	5.86	1	6	0
24.09	27.5	0	0	0.22	-2	0.64	-4	5.05	5	5.47	3	5.89	1	6	0
24.12	27.5	0	0	0.16	-2	0.52	-4	5.2	5	5.56	3	5.88	-1	6	0
24.15	27.5	0	0	0.1	-2	0.4	-4	5.35	5	5.65	3	5.85	-1	6	0
24.18	27.5	0	0	0.12	4	0.36	2	5.42	-1	5.66	-3	5.9	-5	6	0
24.21	27.5	0	0	0.22	2	0.44	4	5.35	-5	5.57	-3	5.79	-1	6	0
24.24	27.5	0	0	0.28	2	0.56	4	5.2	-5	5.48	-3	5.76	-1	6	0
24.27	27.5	0	0	0.34	2	0.68	4	5.05	-5	5.39	-3	5.73	-1	6	0
24.3	27.5	0	0	0.4	2	0.8	4	4.9	-5	5.3	-3	5.7	-1	6	0
24.33	27.5	0	0	0.46	2	0.92	4	4.75	-5	5.21	-3	5.67	-1	6	0
24.36	27.5	0	0	0.52	2	1.04	4	4.6	-5	5.12	-3	5.64	-1	6	0
24.39	27.5	0	0	0.58	2	1.16	4	4.45	-5	5.03	-3	5.61	-1	6	0
24.42	27.5	0	0	0.64	2	1.28	4	4.3	-5	4.94	-3	5.58	-1	6	0
24.45	27.5	0	0	0.7	2	1.4	4	4.15	-5	4.85	-3	5.55	-1	6	0
24.48	27.5	0	0	0.76	2	1.52	4	4	-5	4.76	-3	5.52	-1	6	0
24.51	27.5	0	0	0.82	2	1.64	4	3.85	-5	4.67	-3	5.49	-1	6	0
24.54	27.5	0	0	0.88	2	1.76	4	3.7	-5	4.58	-3	5.46	-1	6	0
24.57	27.5	0	0	0.94	2	1.88	4	3.55	-5	4.49	-3	5.43	-1	6	0
24.6	27.5	0	0	1	2	2	4	3.4	-5	4.4	-3	5.4	-1	6	0
24.63	27.5	0	0	1.06	2	2.12	4	3.25	-5	4.31	-3	5.37	-1	6	0
24.66	27.5	0	0	1.12	2	2.24	4	3.1	-5	4.22	-3	5.34	-1	6	0
24.69	27.5	0	0	1.18	2	2.36	4	2.95	-5	4.13	-3	5.31	-1	6	0
24.72	27.5	0	0	1.24	2	2.48	4	2.8	-5	4.04	-3	5.28	-1	6	0
24.75	27.5	0	0	1.3	2	2.45	-5	2.8	4	3.95	-3	5.25	-1	6	0
24.78	27.5	0	0	1.36	2	2.3	-5	2.92	4	3.86	-3	5.22	-1	6	0
24.81	27.5	0	0	1.42	2	2.15	-5	3.04	4	3.77	-3	5.19	-1	6	0
24.84	27.5	0	0	1.48	2	2	-5	3.16	4	3.68	-3	5.16	-1	6	0
24.87	27.5	0	0	1.54	2	1.85	-5	3.28	4	3.59	-3	5.13	-1	6	0
24.9	27.5	0	0	1.5	-5	1.8	2	3.3	-3	3.6	4	5.1	-1	6	0
24.93	27.5	0	0	1.35	-5	1.86	2	3.21	-3	3.72	4	5.07	-1	6	0
24.96	27.5	0	0	1.2	-5	1.92	2	3.12	-3	3.84	4	5.04	-1	6	0
24.99	27.5	0	0	1.05	-5	1.98	2	3.03	-3	3.96	4	5.01	-1	6	0
25.02	27.5	0	0	0.9	-5	2.04	2	2.94	-3	4.08	4	4.98	-1	6	0
25.05	27.5	0	0	0.75	-5	2.1	2	2.85	-3	4.2	4	4.95	-1	6	0
25.08	27.5	0	0	0.6	-5	2.16	2	2.76	-3	4.32	4	4.92	-1	6	0
25.11	27.5	0	0	0.45	-5	2.22	2	2.67	-3	4.44	4	4.89	-1	6	0
25.14	27.5	0	0	0.3	-5	2.28	2	2.58	-3	4.56	4	4.86	-1	6	0
25.17	27.5	0	0	0.15	-5	2.29	-3	2.54	2	4.63	-1	4.88	4	6	0
25.2	27.5	0	0	0.2	5	2.2	-3	2.6	2	4.6	-1	5	4	6	0
25.23	27.5	0	0	0.35	5	2.11	-3	2.66	2	4.57	-1	5.12	4	6	0
25.26	27.5	0	0	0.5	5	2.02	-3	2.72	2	4.54	-1	5.24	4	6	0
25.29	27.5	0	0	0.65	5	1.93	-3	2.78	2	4.51	-1	5.36	4	6	0
25.32	27.5	0	0	0.8	5	1.84	-3	2.84	2	4.48	-1	5.48	4	6	0
25.35	27.5	0	0	0.95	5	1.75	-3	2.9	2	4.45	-1	5.6	4	6	0
25.38	27.5	0	0	1.1	5	1.66	-3	2.96	2	4.42	-1	5.72	4	6	0
25.41	27.5	0	0	1.25	5	1.57	-3	3.02	2	4.39	-1	5.84	4	6	0
25.44	27.5	0	0	1.28	-3	1.6	5	3.08	2	4.36	-1	5.84	-4	6	0
25.47	27.5	0	0	1.19	-3	1.75	5	3.14	2	4.33	-1	5.72	-4	6	0
25.5	27.5	0	0	1.1	-3	1.9	5	3.2	2	4.3	-1	5.6	-4	6	0
25.53	27.5	0	0	1.01	-3	2.05	5	3.26	2	4.27	-1	5.48	-4	6	0
25.56	27.5	0	0	0.92	-3	2.2	5	3.32	2	4.24	-1	5.36	-4	6	0
25.59	27.5	0	0	0.83	-3	2.35	5	3.38	2	4.21	-1	5.24	-4	6	0
25.62	27.5	0	0	0.74	-3	2.5	5	3.44	2	4.18	-1	5.12	-4	6	0
25.65	27.5	0	0	0.65	-3	2.65	5	3.5	2	4.15	-1	5	-4	6	0
25.68	27.5	0	0	0.56	-3	2.8	5	3.56	2	4.12	-1	4.88	-4	6	0
25.71	27.5	0	0	0.47	-3	2.95	5	3.62	2	4.09	-1	4.76	-4	6	0
25.74	27.5	0	0	0.38	-3	3.1	5	3.68	2	4.06	-1	4.64	-4	6	0
25.77	27.5	0	0	0.29	-3	3.25	5	3.74	2	4.03	-1	4.52	-4	6	0
25.8	27.5	0	0	0.2	-3	3.4	5	3.8	2	4	-1	4.4	-4	6	0
25.83	27.5	0	0	0.11	-3	3.55	5	3.77	-1	4.06	2	4.28	-4	6	0
25.86	27.5	0	0	0.18	3	3.54	-1	3.76	-4	4.1	5	4.32	2	6	0
25.89	27.5	0	0	0.27	3	3.44	-4	3.71	-1	4.18	2	4.45	5	6	0
25.92	27.5	0	0	0.36	3	3.32	-4	3.68	-1	4.24	2	4.6	5	6	0
25.95	27.5	0	0	0.45	3	3.2	-4	3.65	-1	4.3	2	4.75	5	6	0
25.98	27.5	0	0	0.54	3	3.08	-4	3.62	-1	4.36	2	4.9	5	6	0
26.01	27.5	0	0	0.63	3	2.96	-4	3.59	-1	4.42	2	5.05	5	6	0
26.04	27.5	0	0	0.72	3	2.84	-4	3.56	-1	4.48	2	5.2	5	6	0
26.07	27.5	0	0	0.81	3	2.72	-4	3.53	-1	4.54	2	5.35	5	6	0
26.1	27.5	0	0	0.9	3	2.6	-4	3.5	-1	4.6	2	5.5	5	6	0
26.13	27.5	0	0	0.99	3	2.48	-4	3.47	-1	4.66	2	5.65	5	6	0
26.16	27.5	0	0	1.08	3	2.36	-4	3.44	-1	4.72	2	5.8	5	6	0
26.19	27.5	0	0	1.17	3	2.24	-4	3.41	-1	4.78	2	5.85	-5	6	0
26.22	27.5	0	0	1.26	3	2.12	-4	3.38	-1	4.84	2	5.7	-5	6	0
26.25	27.5	0	0	1.35	3	2	-4	3.35	-1	4.9	2	5.55	-5	6	0
26.28	27.5	0	0	1.44	3	1.88	-4	3.32	-1	4.96	2	5.4	-5	6	0
26.31	27.5	0	0	1.53	3	1.76	-4	3.29	-1	5.02	2	5.25	-5	6	0
26.34	27.5	0	0	1.44	-4	1.82	3	3.26	-1	4.9	-5	5.28	2	6	0
26.37	27.5	0	0	1.32	-4	1.91	3	3.23	-1	4.75	-5	5.34	2	6	0
26.4	27.5	0	0	1.2	-4	2	3	3.2	-1	4.6	-5	5.4	2	6	0
26.43	27.5	0	0	1.08	-4	2.09	3	3.17	-1	4.45	-5	5.46	2	6	0
26.46	27.5	0	0	0.96	-4	2.18	3	3.14	-1	4.3	-5	5.52	2	6	0
26.49	27.5	0	0	0.84	-4	2.27	3	3.11	-1	4.15	-5	5.58	2	6	0
26.52	27.5	0	0	0.72	-4	2.36	3	3.08	-1	4	-5	5.64	2	6	0
26.55	27.5	0	0	0.6	-4	2.45	3	3.05	-1	3.85	-5	5.7	2	6	0
26.58	27.5	0	0	0.48	-4	2.54	3	3.02	-1	3.7	-5	5.76	2	6	0
26.61	27.5	0	0	0.36	-4	2.63	3	2.99	-1	3.55	-5	5.82	2	6	0
26.64	27.5	0	0	0.24	-4	2.72	3	2.96	-1	3.4	-5	5.88	2	6	0
26.67	27.5	0	0	0.12	-4	2.73	-1	3.01	3	3.25	-5	5.86	-2	6	0
26.7	27.5	0	0	0.2	4	2.7	-5	2.9	-1	3.3	3	5.8	-2	6	0
26.73	27.5	0	0	0.32	4	2.55	-5	2.87	-1	3.39	3	5.74	-2	6	0
26.76	27.5	0	0	0.44	4	2.4	-5	2.84	-1	3.48	3	5.68	-2	6	0
26.79	27.5	0	0	0.56	4	2.25	-5	2.81	-1	3.57	3	5.62	-2	6	0
26.82	27.5	0	0	0.68	4	2.1	-5	2.78	-1	3.66	3	5.56	-2	6	0
26.85	27.5	0	0	0.8	4	1.95	-5	2.75	-1	3.75	3	5.5	-2	6	0
26.88	27.5	0	0	0.92	4	1.8	-5	2.72	-1	3.84	3	5.44	-2	6	0
26.91	27.5	0	0	1.04	4	1.65	-5	2.69	-1	3.93	3	5.38	-2	6	0
26.94	27.5	0	0	1.16	4	1.5	-5	2.66	-1	4.02	3	5.32	-2	6	0
26.97	27.5	0	0	1.15	-5	1.48	4	2.63	-1	4.11	3	5.26	-2	6	0
27	27.5	0	0	1	-5	1.6	4	2.6	-1	4.2	3	5.2	-2	6	0
27.03	27.5	0	0	0.85	-5	1.72	4	2.57	-1	4.29	3	5.14	-2	6	0
27.06	27.5	0	0	0.7	-5	1.84	4	2.54	-1	4.38	3	5.08	-2	6	0
27.09	27.5	0	0	0.55	-5	1.96	4	2.51	-1	4.47	3	5.02	-2	6	0
27.12	27.5	0	0	0.4	-5	2.08	4	2.48	-1	4.56	3	4.96	-2	6	0
27.15	27.5	0	0	0.25	-5	2.2	4	2.45	-1	4.65	3	4.9	-2	6	0
27.18	27.5	0	0	0.1	5	2.22	-1	2.52	4	4.64	-2	4.94	3	6	0
27.21	27.5	0	0	0.25	5	2.19	-1	2.64	4	4.58	-2	5.03	3	6	0
27.24	27.5	0	0	0.4	5	2.16	-1	2.76	4	4.52	-2	5.12	3	6	0
27.27	27.5	0	0	0.55	5	2.13	-1	2.88	4	4.46	-2	5.21	3	6	0
27.3	27.5	0	0	0.7	5	2.1	-1	3	4	4.4	-2	5.3	3	6	0
27.33	27.5	0	0	0.85	5	2.07	-1	3.12	4	4.34	-2	5.39	3	6	0
27.36	27.5	0	0	1	5	2.04	-1	3.24	4	4.28	-2	5.48	3	6	0
27.39	27.5	0	0	1.15	5	2.01	-1	3.36	4	4.22	-2	5.57	3	6	0
27.42	27.5	0	0	1.3	5	1.98	-1	3.48	4	4.16	-2	5.66	3	6	0
27.45	27.5	0	0	1.45	5	1.95	-1	3.6	4	4.1	-2	5.75	3	6	0
27.48	27.5	0	0	1.6	5	1.92	-1	3.72	4	4.04	-2	5.84	3	6	0
27.51	27.5	0	0	1.69	-1	1.95	5	3.78	-2	4.04	4	5.87	-3	6	0
27.54	27.5	0	0	1.66	-1	2.1	5	3.72	-2	4.16	4	5.78	-3	6	0
27.57	27.5	0	0	1.63	-1	2.25	5	3.66	-2	4.28	4	5.69	-3	6	0
27.6	27.5	0	0	1.6	-1	2.4	5	3.6	-2	4.4	4	5.6	-3	6	0
27.63	27.5	0	0	1.57	-1	2.55	5	3.54	-2	4.52	4	5.51	-3	6	0
27.66	27.5	0	0	1.54	-1	2.7	5	3.48	-2	4.64	4	5.42	-3	6	0
27.69	27.5	0	0	1.51	-1	2.85	5	3.42	-2	4.76	4	5.33	-3	6	0
27.72	27.5	0	0	1.48	-1	3	5	3.36	-2	4.88	4	5.24	-3	6	0
27.75	27.5	0	0	1.45	-1	3.1	-2	3.35	5	4.95	-3	5.2	4	6	0
27.78	27.5	0	0	1.42	-1	3.04	-2	3.5	5	4.86	-3	5.32	4	6	0
27.81	27.5	0	0	1.39	-1	2.98	-2	3.65	5	4.77	-3	5.44	4	6	0
27.84	27.5	0	0	1.36	-1	2.92	-2	3.8	5	4.68	-3	5.56	4	6	0
27.87	27.5	0	0	1.33	-1	2.86	-2	3.95	5	4.59	-3	5.68	4	6	0
27.9	27.5	0	0	1.3	-1	2.8	-2	4.1	5	4.5	-3	5.8	4	6	0
27.93	27.5	0	0	1.27	-1	2.74	-2	4.21	-3	4.45	5	5.88	-4	6	0
27.96	27.5	0	0	1.24	-1	2.68	-2	4.12	-3	4.6	5	5.76	-4	6	0
27.99	27.5	0	0	1.21	-1	2.62	-2	4.03	-3	4.75	5	5.64	-4	6	0
28.02	27.5	0	0	1.18	-1	2.56	-2	3.94	-3	4.9	5	5.52	-4	6	0
28.05	27.5	0	0	1.15	-1	2.5	-2	3.85	-3	5.05	5	5.4	-4	6	0
28.08	27.5	0	0	1.12	-1	2.44	-2	3.76	-3	5.08	-4	5.4	5	6	0
28.11	27.5	0	0	1.09	-1	2.38	-2	3.67	-3	4.96	-4	5.55	5	6	0
28.14	27.5	0	0	1.06	-1	2.32	-2	3.58	-3	4.84	-4	5.7	5	6	0
28.17	27.5	0	0	1.03	-1	2.26	-2	3.49	-3	4.72	-4	5.85	5	6	0
28.2	27.5	0	0	1	-1	2.2	-2	3.4	-3	4.6	-4	5.8	-5	6	0
28.23	27.5	0	0	0.97	-1	2.14	-2	3.31	-3	4.48	-4	5.65	-5	6	0
28.26	27.5	0	0	0.94	-1	2.08	-2	3.22	-3	4.36	-4	5.5	-5	6	0
28.29	27.5	0	0	0.91	-1	2.02	-2	3.13	-3	4.24	-4	5.35	-5	6	0
28.32	27.5	0	0	0.88	-1	1.96	-2	3.04	-3	4.12	-4	5.2	-5	6	0
28.35	27.5	0	0	0.85	-1	1.9	-2	2.95	-3	4	-4	5.05	-5	6	0
28.38	27.5	0	0	0.82	-1	1.84	-2	2.86	-3	3.88	-4	4.9	-5	6	0
28.41	27.5	0	0	0.79	-1	1.78	-2	2.77	-3	3.76	-4	4.75	-5	6	0
28.44	27.5	0	0	0.76	-1	1.72	-2	2.68	-3	3.64	-4	4.6	-5	6	0
28.47	27.5	0	0	0.73	-1	1.66	-2	2.59	-3	3.52	-4	4.45	-5	6	0
28.5	27.5	0	0	0.7	-1	1.6	-2	2.5	-3	3.4	-4	4.3	-5	6	0
28.53	27.5	0	0	0.67	-1	1.54	-2	2.41	-3	3.28	-4	4.15	-5	6	0
28.56	27.5	0	0	0.64	-1	1.48	-2	2.32	-3	3.16	-4	4	-5	6	0
28.59	27.5	0	0	0.61	-1	1.42	-2	2.23	-3	3.04	-4	3.85	-5	6	0
28.62	27.5	0	0	0.58	-1	1.36	-2	2.14	-3	2.92	-4	3.7	-5	6	0
28.65	27.5	0	0	0.55	-1	1.3	-2	2.05	-3	2.8	-4	3.55	-5	6	0
28.68	27.5	0	0	0.52	-1	1.24	-2	1.96	-3	2.68	-4	3.4	-5	6	0
28.71	27.5	0	0	0.49	-1	1.18	-2	1.87	-3	2.56	-4	3.25	-5	6	0
28.74	27.5	0	0	0.46	-1	1.12	-2	1.78	-3	2.44	-4	3.1	-5	6	0
28.77	27.5	0	0	0.43	-1	1.06	-2	1.69	-3	2.32	-4	2.95	-5	6	0
28.8	27.5	0	0	0.4	-1	1	-2	1.6	-3	2.2	-4	2.8	-5	6	0
28.83	27.5	0	0	0.37	-1	0.94	-2	1.51	-3	2.08	-4	2.65	-5	6	0
28.86	27.5	0	0	0.34	-1	0.88	-2	1.42	-3	1.96	-4	2.5	-5	6	0
28.89	27.5	0	0	0.31	-1	0.82	-2	1.33	-3	1.84	-4	2.35	-5	6	0
28.92	27.5	0	0	0.28	-1	0.76	-2	1.24	-3	1.72	-4	2.2	-5	6	0
28.95	27.5	0	0	0.25	-1	0.7	-2	1.15	-3	1.6	-4	2.05	-5	6	0
28.98	27.5	0	0	0.22	-1	0.64	-2	1.06	-3	1.48	-4	1.9	-5	6	0
29.01	27.5	0	0	0.19	-1	0.58	-2	0.97	-3	1.36	-4	1.75	-5	6	0
29.04	27.5	0	0	0.16	-1	0.52	-2	0.88	-3	1.24	-4	1.6	-5	6	0
29.07	27.5	0	0	0.13	-1	0.46	-2	0.79	-3	1.12	-4	1.45	-5	6	0
29.1	27.5	0	0	0.1	1	0.4	-2	0.7	-3	1	-4	1.3	-5	6	0
29.13	27.5	0	0	0.13	1	0.34	-2	0.61	-3	0.88	-4	1.15	-5	6	0
29.16	27.5	0	0	0.12	2	0.32	-3	0.56	-4	0.76	1	1	-5	6	0
29.19	27.5	0	0	0.15	5	0.36	4	0.57	3	0.78	2	0.99	1	6	0
29.22	27.5	0	0	0.22	1	0.44	2	0.66	3	0.88	4	1.1	5	6	0
29.25	27.5	0	0	0.25	1	0.5	2	0.75	3	1	4	1.25	5	6	0
29.28	27.5	0	0	0.28	1	0.56	2	0.84	3	1.12	4	1.4	5	6	0
29.31	27.5	0	0	0.31	1	0.62	2	0.93	3	1.24	4	1.55	5	6	0
29.34	27.5	0	0	0.34	1	0.68	2	1.02	3	1.36	4	1.7	5	6	0
29.37	27.5	0	0	0.37	1	0.74	2	1.11	3	1.48	4	1.85	5	6	0
29.4	27.5	0	0	0.4	1	0.8	2	1.2	3	1.6	4	2	5	6	0
29.43	27.5	0	0	0.43	1	0.86	2	1.29	3	1.72	4	2.15	5	6	0
29.46	27.5	0	0	0.46	1	0.92	2	1.38	3	1.84	4	2.3	5	6	0
29.49	27.5	0	0	0.49	1	0.98	2	1.47	3	1.96	4	2.45	5	6	0
29.52	27.5	0	0	0.52	1	1.04	2	1.56	3	2.08	4	2.6	5	6	0
29.55	27.5	0	0	0.55	1	1.1	2	1.65	3	2.2	4	2.75	5	6	0
29.58	27.5	0	0	0.58	1	1.16	2	1.74	3	2.32	4	2.9	5	6	0
29.61	27.5	0	0	0.61	1	1.22	2	1.83	3	2.44	4	3.05	5	6	0
29.64	27.5	0	0	0.64	1	1.28	2	1.92	3	2.56	4	3.2	5	6	0
29.67	27.5	0	0	0.67	1	1.34	2	2.01	3	2.68	4	3.35	5	6	0
29.7	27.5	0	0	0.7	1	1.4	2	2.1	3	2.8	4	3.5	5	6	0
29.73	27.5	0	0	0.73	1	1.46	2	2.19	3	2.92	4	3.65	5	6	0
29.76	27.5	0	0	0.76	1	1.52	2	2.28	3	3.04	4	3.8	5	6	0
29.79	27.5	0	0	0.79	1	1.58	2	2.37	3	3.16	4	3.95	5	6	0
29.82	27.5	0	0	0.82	1	1.64	2	2.46	3	3.28	4	4.1	5	6	0
29.85	27.5	0	0	0.85	1	1.7	2	2.55	3	3.4	4	4.25	5	6	0
29.88	27.5	0	0	0.88	1	1.76	2	2.64	3	3.52	4	4.4	5	6	0
29.91	27.5	0	0	0.91	1	1.82	2	2.73	3	3.64	4	4.55	5	6	0
29.94	27.5	0	0	0.94	1	1.88	2	2.82	3	3.76	4	4.7	5	6	0
29.97	27.5	0	0	0.97	1	1.94	2	2.91	3	3.88	4	4.85	5	6	0
30	27.5	0	0	1	1	2	2	3	3	4	4	5	5	6	0
30.03	27.5	0	0	1.03	1	2.06	2	3.09	3	4.12	4	5.15	5	6	0
30.06	27.5	0	0	1.06	1	2.12	2	3.18	3	4.24	4	5.3	5	6	0
30.09	27.5	0	0	1.09	1	2.18	2	3.27	3	4.36	4	5.45	5	6	0
30.12	27.5	0	0	1.12	1	2.24	2	3.36	3	4.48	4	5.6	5	6	0
30.15	27.5	0	0	1.15	1	2.3	2	3.45	3	4.6	4	5.75	5	6	0
30.18	27.5	0	0	1.18	1	2.36	2	3.54	3	4.72	4	5.9	-5	6	0
30.21	27.5	0	0	1.21	1	2.42	2	3.63	3	4.84	4	5.75	-5	6	0
30.24	27.5	0	0	1.24	1	2.48	2	3.72	3	4.96	4	5.6	-5	6	0
30.27	27.5	0	0	1.27	1	2.54	2	3.81	3	5.08	4	5.45	-5	6	0
30.3	27.5	0	0	1.3	1	2.6	2	3.9	3	5.1	-5	5.4	4	6	0
30.33	27.5	0	0	1.33	1	2.66	2	3.99	3	4.95	-5	5.52	4	6	0
30.36	27.5	0	0	1.36	1	2.72	2	4.08	3	4.8	-5	5.64	4	6	0
30.39	27.5	0	0	1.39	1	2.78	2	4.17	3	4.65	-5	5.76	4	6	0
30.42	27.5	0	0	1.42	1	2.84	2	4.26	3	4.5	-5	5.88	4	6	0
30.45	27.5	0	0	1.45	1	2.9	2	4.15	-5	4.55	3	5.8	-4	6	0
30.48	27.5	0	0	1.48	1	2.96	2	4	-5	4.64	3	5.68	-4	6	0
30.51	27.5	0	0	1.51	1	3.02	2	3.85	-5	4.73	3	5.56	-4	6	0
30.54	27.5	0	0	1.54	1	3.08	2	3.7	-5	4.82	3	5.44	-4	6	0
30.57	27.5	0	0	1.57	1	3.14	2	3.55	-5	4.91	3	5.32	-4	6	0
30.6	27.5	0	0	1.6	1	3.2	2	3.4	-5	5	3	5.2	-4	6	0
30.63	27.5	0	0	1.63	1	3.05	-5	3.46	2	4.88	-4	5.29	3	6	0
30.66	27.5	0	0	1.66	1	2.9	-5	3.52	2	4.76	-4	5.38	3	6	0
30.69	27.5	0	0	1.69	1	2.75	-5	3.58	2	4.64	-4	5.47	3	6	0
30.72	27.5	0	0	1.72	1	2.6	-5	3.64	2	4.52	-4	5.56	3	6	0
30.75	27.5	0	0	1.75	1	2.45	-5	3.7	2	4.4	-4	5.65	3	6	0
30.78	27.5	0	0	1.78	1	2.3	-5	3.76	2	4.28	-4	5.74	3	6	0
30.81	27.5	0	0	1.81	1	2.15	-5	3.82	2	4.16	-4	5.83	3	6	0
30.84	27.5	0	0	1.8	-5	2.04	1	3.84	-4	4.08	2	5.88	-3	6	0
30.87	27.5	0	0	1.65	-5	2.07	1	3.72	-4	4.14	2	5.79	-3	6	0
30.9	27.5	0	0	1.5	-5	2.1	1	3.6	-4	4.2	2	5.7	-3	6	0
30.93	27.5	0	0	1.35	-5	2.13	1	3.48	-4	4.26	2	5.61	-3	6	0
30.96	27.5	0	0	1.2	-5	2.16	1	3.36	-4	4.32	2	5.52	-3	6	0
30.99	27.5	0	0	1.05	-5	2.19	1	3.24	-4	4.38	2	5.43	-3	6	0
31.02	27.5	0	0	0.9	-5	2.22	1	3.12	-4	4.44	2	5.34	-3	6	0
31.05	27.5	0	0	0.75	-5	2.25	1	3	-4	4.5	2	5.25	-3	6	0
31.08	27.5	0	0	0.6	-5	2.28	1	2.88	-4	4.56	2	5.16	-3	6	0
31.11	27.5	0	0	0.45	-5	2.31	1	2.76	-4	4.62	2	5.07	-3	6	0
31.14	27.5	0	0	0.3	-5	2.34	1	2.64	-4	4.68	2	4.98	-3	6	0
31.17	27.5	0	0	0.15	-5	2.32	-4	2.57	1	4.69	-3	4.94	2	6	0
31.2	27.5	0	0	0.2	5	2.2	-4	2.6	1	4.6	-3	5	2	6	0
31.23	27.5	0	0	0.35	5	2.08	-4	2.63	1	4.51	-3	5.06	2	6	0
31.26	27.5	0	0	0.5	5	1.96	-4	2.66	1	4.42	-3	5.12	2	6	0
31.29	27.5	0	0	0.65	5	1.84	-4	2.69	1	4.33	-3	5.18	2	6	0
31.32	27.5	0	0	0.8	5	1.72	-4	2.72	1	4.24	-3	5.24	2	6	0
31.35	27.5	0	0	0.95	5	1.6	-4	2.75	1	4.15	-3	5.3	2	6	0
31.38	27.5	0	0	1.1	5	1.48	-4	2.78	1	4.06	-3	5.36	2	6	0
31.41	27.5	0	0	1.16	-4	1.45	5	2.81	1	3.97	-3	5.42	2	6	0
31.44	27.5	0	0	1.04	-4	1.6	5	2.84	1	3.88	-3	5.48	2	6	0
31.47	27.5	0	0	0.92	-4	1.75	5	2.87	1	3.79	-3	5.54	2	6	0
31.5	27.5	0	0	0.8	-4	1.9	5	2.9	1	3.7	-3	5.6	2	6	0
31.53	27.5	0	0	0.68	-4	2.05	5	2.93	1	3.61	-3	5.66	2	6	0
31.56	27.5	0	0	0.56	-4	2.2	5	2.96	1	3.52	-3	5.72	2	6	0
31.59	27.5	0	0	0.44	-4	2.35	5	2.99	1	3.43	-3	5.78	2	6	0
31.62	27.5	0	0	0.32	-4	2.5	5	3.02	1	3.34	-3	5.84	2	6	0
31.65	27.5	0	0	0.2	-4	2.65	5	3.05	1	3.25	-3	5.9	2	6	0
31.68	27.5	0	0	0.12	4	2.76	-3	3	5	3.28	1	5.84	-2	6	0
31.71	27.5	0	0	0.24	4	2.67	-3	3.11	1	3.35	5	5.78	-2	6	0
31.74	27.5	0	0	0.36	4	2.58	-3	3.14	1	3.5	5	5.72	-2	6	0
31.77	27.5	0	0	0.48	4	2.49	-3	3.17	1	3.65	5	5.66	-2	6	0
31.8	27.5	0	0	0.6	4	2.4	-3	3.2	1	3.8	5	5.6	-2	6	0
31.83	27.5	0	0	0.72	4	2.31	-3	3.23	1	3.95	5	5.54	-2	6	0
31.86	27.5	0	0	0.84	4	2.22	-3	3.26	1	4.1	5	5.48	-2	6	0
31.89	27.5	0	0	0.96	4	2.13	-3	3.29	1	4.25	5	5.42	-2	6	0
31.92	27.5	0	0	1.08	4	2.04	-3	3.32	1	4.4	5	5.36	-2	6	0
31.95	27.5	0	0	1.2	4	1.95	-3	3.35	1	4.55	5	5.3	-2	6	0
31.98	27.5	0	0	1.32	4	1.86	-3	3.38	1	4.7	5	5.24	-2	6	0
32.01	27.5	0	0	1.44	4	1.77	-3	3.41	1	4.85	5	5.18	-2	6	0
32.04	27.5	0	0	1.48	-3	1.76	4	3.44	1	4.92	-2	5.2	5	6	0
32.07	27.5	0	0	1.39	-3	1.88	4	3.47	1	4.86	-2	5.35	5	6	0
32.1	27.5	0	0	1.3	-3	2	4	3.5	1	4.8	-2	5.5	5	6	0
32.13	27.5	0	0	1.21	-3	2.12	4	3.53	1	4.74	-2	5.65	5	6	0
32.16	27.5	0	0	1.12	-3	2.24	4	3.56	1	4.68	-2	5.8	5	6	0
32.19	27.5	0	0	1.03	-3	2.36	4	3.59	1	4.62	-2	5.85	-5	6	0
32.22	27.5	0	0	0.94	-3	2.48	4	3.62	1	4.56	-2	5.7	-5	6	0
32.25	27.5	0	0	0.85	-3	2.6	4	3.65	1	4.5	-2	5.55	-5	6	0
32.28	27.5	0	0	0.76	-3	2.72	4	3.68	1	4.44	-2	5.4	-5	6	0
32.31	27.5	0	0	0.67	-3	2.84	4	3.71	1	4.38	-2	5.25	-5	6	0
32.34	27.5	0	0	0.58	-3	2.96	4	3.74	1	4.32	-2	5.1	-5	6	0
32.37	27.5	0	0	0.49	-3	3.08	4	3.77	1	4.26	-2	4.95	-5	6	0
32.4	27.5	0	0	0.4	-3	3.2	4	3.8	1	4.2	-2	4.8	-5	6	0
32.43	27.5	0	0	0.31	-3	3.32	4	3.83	1	4.14	-2	4.65	-5	6	0
32.46	27.5	0	0	0.22	-3	3.44	4	3.86	1	4.08	-2	4.5	-5	6	0
32.49	27.5	0	0	0.13	-3	3.56	4	3.82	-2	4.09	1	4.35	-5	6	0
32.52	27.5	0	0	0.16	3	3.56	-2	3.8	-5	4.08	4	4.32	1	6	0
32.55	27.5	0	0	0.25	3	3.45	-5	3.7	-2	4.15	1	4.4	4	6	0
32.58	27.5	0	0	0.34	3	3.3	-5	3.64	-2	4.18	1	4.52	4	6	0
32.61	27.5	0	0	0.43	3	3.15	-5	3.58	-2	4.21	1	4.64	4	6	0
32.64	27.5	0	0	0.52	3	3	-5	3.52	-2	4.24	1	4.76	4	6	0
32.67	27.5	0	0	0.61	3	2.85	-5	3.46	-2	4.27	1	4.88	4	6	0
32.7	27.5	0	0	0.7	3	2.7	-5	3.4	-2	4.3	1	5	4	6	0
32.73	27.5	0	0	0.79	3	2.55	-5	3.34	-2	4.33	1	5.12	4	6	0
32.76	27.5	0	0	0.88	3	2.4	-5	3.28	-2	4.36	1	5.24	4	6	0
32.79	27.5	0	0	0.97	3	2.25	-5	3.22	-2	4.39	1	5.36	4	6	0
32.82	27.5	0	0	1.06	3	2.1	-5	3.16	-2	4.42	1	5.48	4	6	0
32.85	27.5	0	0	1.15	3	1.95	-5	3.1	-2	4.45	1	5.6	4	6	0
32.88	27.5	0	0	1.24	3	1.8	-5	3.04	-2	4.48	1	5.72	4	6	0
32.91	27.5	0	0	1.33	3	1.65	-5	2.98	-2	4.51	1	5.84	4	6	0
32.94	27.5	0	0	1.3	-5	1.62	3	2.92	-2	4.54	1	5.84	-4	6	0
32.97	27.5	0	0	1.15	-5	1.71	3	2.86	-2	4.57	1	5.72	-4	6	0
33	27.5	0	0	1	-5	1.8	3	2.8	-2	4.6	1	5.6	-4	6	0
33.03	27.5	0	0	0.85	-5	1.89	3	2.74	-2	4.63	1	5.48	-4	6	0
33.06	27.5	0	0	0.7	-5	1.98	3	2.68	-2	4.66	1	5.36	-4	6	0
33.09	27.5	0	0	0.55	-5	2.07	3	2.62	-2	4.69	1	5.24	-4	6	0
33.12	27.5	0	0	0.4	-5	2.16	3	2.56	-2	4.72	1	5.12	-4	6	0
33.15	27.5	0	0	0.25	-5	2.25	3	2.5	-2	4.75	1	5	-4	6	0
33.18	27.5	0	0	0.1	5	2.24	-2	2.54	3	4.68	-4	4.98	1	6	0
33.21	27.5	0	0	0.25	5	2.18	-2	2.63	3	4.56	-4	5.01	1	6	0
33.24	27.5	0	0	0.4	5	2.12	-2	2.72	3	4.44	-4	5.04	1	6	0
33.27	27.5	0	0	0.55	5	2.06	-2	2.81	3	4.32	-4	5.07	1	6	0
33.3	27.5	0	0	0.7	5	2	-2	2.9	3	4.2	-4	5.1	1	6	0
33.33	27.5	0	0	0.85	5	1.94	-2	2.99	3	4.08	-4	5.13	1	6	0
33.36	27.5	0	0	1	5	1.88	-2	3.08	3	3.96	-4	5.16	1	6	0
33.39	27.5	0	0	1.15	5	1.82	-2	3.17	3	3.84	-4	5.19	1	6	0
33.42	27.5	0	0	1.3	5	1.76	-2	3.26	3	3.72	-4	5.22	1	6	0
33.45	27.5	0	0	1.45	5	1.7	-2	3.35	3	3.6	-4	5.25	1	6	0
33.48	27.5	0	0	1.44	-2	1.8	5	3.28	-4	3.64	3	5.28	1	6	0
33.51	27.5	0	0	1.38	-2	1.95	5	3.16	-4	3.73	3	5.31	1	6	0
33.54	27.5	0	0	1.32	-2	2.1	5	3.04	-4	3.82	3	5.34	1	6	0
33.57	27.5	0	0	1.26	-2	2.25	5	2.92	-4	3.91	3	5.37	1	6	0
33.6	27.5	0	0	1.2	-2	2.4	5	2.8	-4	4	3	5.4	1	6	0
33.63	27.5	0	0	1.14	-2	2.48	-4	2.75	5	4.09	3	5.43	1	6	0
33.66	27.5	0	0	1.08	-2	2.36	-4	2.9	5	4.18	3	5.46	1	6	0
33.69	27.5	0	0	1.02	-2	2.24	-4	3.05	5	4.27	3	5.49	1	6	0
33.72	27.5	0	0	0.96	-2	2.12	-4	3.2	5	4.36	3	5.52	1	6	0
33.75	27.5	0	0	0.9	-2	2	-4	3.35	5	4.45	3	5.55	1	6	0
33.78	27.5	0	0	0.84	-2	1.88	-4	3.5	5	4.54	3	5.58	1	6	0
33.81	27.5	0	0	0.78	-2	1.76	-4	3.65	5	4.63	3	5.61	1	6	0
33.84	27.5	0	0	0.72	-2	1.64	-4	3.8	5	4.72	3	5.64	1	6	0
33.87	27.5	0	0	0.66	-2	1.52	-4	3.95	5	4.81	3	5.67	1	6	0
33.9	27.5	0	0	0.6	-2	1.4	-4	4.1	5	4.9	3	5.7	1	6	0
33.93	27.5	0	0	0.54	-2	1.28	-4	4.25	5	4.99	3	5.73	1	6	0
33.96	27.5	0	0	0.48	-2	1.16	-4	4.4	5	5.08	3	5.76	1	6	0
33.99	27.5	0	0	0.42	-2	1.04	-4	4.55	5	5.17	3	5.79	1	6	0
34.02	27.5	0	0	0.36	-2	0.92	-4	4.7	5	5.26	3	5.82	1	6	0
34.05	27.5	0	0	0.3	-2	0.8	-4	4.85	5	5.35	3	5.85	1	6	0
34.08	27.5	0	0	0.24	-2	0.68	-4	5	5	5.44	3	5.88	1	6	0
34.11	27.5	0	0	0.18	-2	0.56	-4	5.15	5	5.53	3	5.89	-1	6	0
34.14	27.5	0	0	0.12	-2	0.44	-4	5.3	5	5.62	3	5.86	-1	6	0
34.17	27.5	0	0	0.12	-4	0.34	2	5.43	-1	5.65	5	5.89	-3	6	0
34.2	27.5	0	0	0.2	2	0.4	4	5.4	-5	5.6	-1	5.8	-3	6	0
34.23	27.5	0	0	0.26	2	0.52	4	5.25	-5	5.51	-3	5.77	-1	6	0
34.26	27.5	0	0	0.32	2	0.64	4	5.1	-5	5.42	-3	5.74	-1	6	0
34.29	27.5	0	0	0.38	2	0.76	4	4.95	-5	5.33	-3	5.71	-1	6	0
34.32	27.5	0	0	0.44	2	0.88	4	4.8	-5	5.24	-3	5.68	-1	6	0
34.35	27.5	0	0	0.5	2	1	4	4.65	-5	5.15	-3	5.65	-1	6	0
34.38	27.5	0	0	0.56	2	1.12	4	4.5	-5	5.06	-3	5.62	-1	6	0
34.41	27.5	0	0	0.62	2	1.24	4	4.35	-5	4.97	-3	5.59	-1	6	0
34.44	27.5	0	0	0.68	2	1.36	4	4.2	-5	4.88	-3	5.56	-1	6	0
34.47	27.5	0	0	0.74	2	1.48	4	4.05	-5	4.79	-3	5.53	-1	6	0
34.5	27.5	0	0	0.8	2	1.6	4	3.9	-5	4.7	-3	5.5	-1	6	0
34.53	27.5	0	0	0.86	2	1.72	4	3.75	-5	4.61	-3	5.47	-1	6	0
34.56	27.5	0	0	0.92	2	1.84	4	3.6	-5	4.52	-3	5.44	-1	6	0
34.59	27.5	0	0	0.98	2	1.96	4	3.45	-5	4.43	-3	5.41	-1	6	0
34.62	27.5	0	0	1.04	2	2.08	4	3.3	-5	4.34	-3	5.38	-1	6	0
34.65	27.5	0	0	1.1	2	2.2	4	3.15	-5	4.25	-3	5.35	-1	6	0
34.68	27.5	0	0	1.16	2	2.32	4	3	-5	4.16	-3	5.32	-1	6	0
34.71	27.5	0	0	1.22	2	2.44	4	2.85	-5	4.07	-3	5.29	-1	6	0
34.74	27.5	0	0	1.28	2	2.5	-5	2.76	4	3.98	-3	5.26	-1	6	0
34.77	27.5	0	0	1.34	2	2.35	-5	2.88	4	3.89	-3	5.23	-1	6	0
34.8	27.5	0	0	1.4	2	2.2	-5	3	4	3.8	-3	5.2	-1	6	0
34.83	27.5	0	0	1.46	2	2.05	-5	3.12	4	3.71	-3	5.17	-1	6	0
34.86	27.5	0	0	1.52	2	1.9	-5	3.24	4	3.62	-3	5.14	-1	6	0
34.89	27.5	0	0	1.55	-5	1.78	2	3.33	-3	3.56	4	5.11	-1	6	0
34.92	27.5	0	0	1.4	-5	1.84	2	3.24	-3	3.68	4	5.08	-1	6	0
34.95	27.5	0	0	1.25	-5	1.9	2	3.15	-3	3.8	4	5.05	-1	6	0
34.98	27.5	0	0	1.1	-5	1.96	2	3.06	-3	3.92	4	5.02	-1	6	0
35.01	27.5	0	0	0.95	-5	2.02	2	2.97	-3	4.04	4	4.99	-1	6	0
35.04	27.5	0	0	0.8	-5	2.08	2	2.88	-3	4.16	4	4.96	-1	6	0
35.07	27.5	0	0	0.65	-5	2.14	2	2.79	-3	4.28	4	4.93	-1	6	0
35.1	27.5	0	0	0.5	-5	2.2	2	2.7	-3	4.4	4	4.9	-1	6	0
35.13	27.5	0	0	0.35	-5	2.26	2	2.61	-3	4.52	4	4.87	-1	6	0
35.16	27.5	0	0	0.2	-5	2.32	2	2.52	-3	4.64	-1	4.84	4	6	0
35.19	27.5	0	0	0.15	5	2.23	-3	2.58	2	4.61	-1	4.96	4	6	0
35.22	27.5	0	0	0.3	5	2.14	-3	2.64	2	4.58	-1	5.08	4	6	0
35.25	27.5	0	0	0.45	5	2.05	-3	2.7	2	4.55	-1	5.2	4	6	0
35.28	27.5	0	0	0.6	5	1.96	-3	2.76	2	4.52	-1	5.32	4	6	0
35.31	27.5	0	0	0.75	5	1.87	-3	2.82	2	4.49	-1	5.44	4	6	0
35.34	27.5	0	0	0.9	5	1.78	-3	2.88	2	4.46	-1	5.56	4	6	0
35.37	27.5	0	0	1.05	5	1.69	-3	2.94	2	4.43	-1	5.68	4	6	0
35.4	27.5	0	0	1.2	5	1.6	-3	3	2	4.4	-1	5.8	4	6	0
35.43	27.5	0	0	1.31	-3	1.55	5	3.06	2	4.37	-1	5.88	-4	6	0
35.46	27.5	0	0	1.22	-3	1.7	5	3.12	2	4.34	-1	5.76	-4	6	0
35.49	27.5	0	0	1.13	-3	1.85	5	3.18	2	4.31	-1	5.64	-4	6	0
35.52	27.5	0	0	1.04	-3	2	5	3.24	2	4.28	-1	5.52	-4	6	0
35.55	27.5	0	0	0.95	-3	2.15	5	3.3	2	4.25	-1	5.4	-4	6	0
35.58	27.5	0	0	0.86	-3	2.3	5	3.36	2	4.22	-1	5.28	-4	6	0
35.61	27.5	0	0	0.77	-3	2.45	5	3.42	2	4.19	-1	5.16	-4	6	0
35.64	27.5	0	0	0.68	-3	2.6	5	3.48	2	4.16	-1	5.04	-4	6	0
35.67	27.5	0	0	0.59	-3	2.75	5	3.54	2	4.13	-1	4.92	-4	6	0
35.7	27.5	0	0	0.5	-3	2.9	5	3.6	2	4.1	-1	4.8	-4	6	0
35.73	27.5	0	0	0.41	-3	3.05	5	3.66	2	4.07	-1	4.68	-4	6	0
35.76	27.5	0	0	0.32	-3	3.2	5	3.72	2	4.04	-1	4.56	-4	6	0
35.79	27.5	0	0	0.23	-3	3.35	5	3.78	2	4.01	-1	4.44	-4	6	0
35.82	27.5	0	0	0.14	-3	3.5	5	3.78	-1	4.04	2	4.32	-4	6	0
35.85	27.5	0	0	0.15	3	3.55	-1	3.8	-4	4.05	5	4.3	2	6	0
35.88	27.5	0	0	0.24	3	3.48	-4	3.72	-1	4.16	2	4.4	5	6	0
35.91	27.5	0	0	0.33	3	3.36	-4	3.69	-1	4.22	2	4.55	5	6	0
35.94	27.5	0	0	0.42	3	3.24	-4	3.66	-1	4.28	2	4.7	5	6	0
35.97	27.5	0	0	0.51	3	3.12	-4	3.63	-1	4.34	2	4.85	5	6	0
36	27.5	0	0	0.6	3	3	-4	3.6	-1	4.4	2	5	5	6	0
36.03	27.5	0	0	0.69	3	2.88	-4	3.57	-1	4.46	2	5.15	5	6	0
36.06	27.5	0	0	0.78	3	2.76	-4	3.54	-1	4.52	2	5.3	5	6	0
36.09	27.5	0	0	0.87	3	2.64	-4	3.51	-1	4.58	2	5.45	5	6	0
36.12	27.5	0	0	0.96	3	2.52	-4	3.48	-1	4.64	2	5.6	5	6	0
36.15	27.5	0	0	1.05	3	2.4	-4	3.45	-1	4.7	2	5.75	5	6	0
36.18	27.5	0	0	1.14	3	2.28	-4	3.42	-1	4.76	2	5.9	-5	6	0
36.21	27.5	0	0	1.23	3	2.16	-4	3.39	-1	4.82	2	5.75	-5	6	0
36.24	27.5	0	0	1.32	3	2.04	-4	3.36	-1	4.88	2	5.6	-5	6	0
36.27	27.5	0	0	1.41	3	1.92	-4	3.33	-1	4.94	2	5.45	-5	6	0
36.3	27.5	0	0	1.5	3	1.8	-4	3.3	-1	5	2	5.3	-5	6	0
36.33	27.5	0	0	1.48	-4	1.79	3	3.27	-1	4.95	-5	5.26	2	6	0
36.36	27.5	0	0	1.36	-4	1.88	3	3.24	-1	4.8	-5	5.32	2	6	0
36.39	27.5	0	0	1.24	-4	1.97	3	3.21	-1	4.65	-5	5.38	2	6	0
36.42	27.5	0	0	1.12	-4	2.06	3	3.18	-1	4.5	-5	5.44	2	6	0
36.45	27.5	0	0	1	-4	2.15	3	3.15	-1	4.35	-5	5.5	2	6	0
36.48	27.5	0	0	0.88	-4	2.24	3	3.12	-1	4.2	-5	5.56	2	6	0
36.51	27.5	0	0	0.76	-4	2.33	3	3.09	-1	4.05	-5	5.62	2	6	0
36.54	27.5	0	0	0.64	-4	2.42	3	3.06	-1	3.9	-5	5.68	2	6	0
36.57	27.5	0	0	0.52	-4	2.51	3	3.03	-1	3.75	-5	5.74	2	6	0
36.6	27.5	0	0	0.4	-4	2.6	3	3	-1	3.6	-5	5.8	2	6	0
36.63	27.5	0	0	0.28	-4	2.69	3	2.97	-1	3.45	-5	5.86	2	6	0
36.66	27.5	0	0	0.16	-4	2.74	-1	2.98	3	3.3	-5	5.88	-2	6	0
36.69	27.5	0	0	0.16	4	2.71	-1	2.95	-5	3.27	3	5.82	-2	6	0
36.72	27.5	0	0	0.28	4	2.6	-5	2.88	-1	3.36	3	5.76	-2	6	0
36.75	27.5	0	0	0.4	4	2.45	-5	2.85	-1	3.45	3	5.7	-2	6	0
36.78	27.5	0	0	0.52	4	2.3	-5	2.82	-1	3.54	3	5.64	-2	6	0
36.81	27.5	0	0	0.64	4	2.15	-5	2.79	-1	3.63	3	5.58	-2	6	0
36.84	27.5	0	0	0.76	4	2	-5	2.76	-1	3.72	3	5.52	-2	6	0
36.87	27.5	0	0	0.88	4	1.85	-5	2.73	-1	3.81	3	5.46	-2	6	0
36.9	27.5	0	0	1	4	1.7	-5	2.7	-1	3.9	3	5.4	-2	6	0
36.93	27.5	0	0	1.12	4	1.55	-5	2.67	-1	3.99	3	5.34	-2	6	0
36.96	27.5	0	0	1.2	-5	1.44	4	2.64	-1	4.08	3	5.28	-2	6	0
36.99	27.5	0	0	1.05	-5	1.56	4	2.61	-1	4.17	3	5.22	-2	6	0
37.02	27.5	0	0	0.9	-5	1.68	4	2.58	-1	4.26	3	5.16	-2	6	0
37.05	27.5	0	0	0.75	-5	1.8	4	2.55	-1	4.35	3	5.1	-2	6	0
37.08	27.5	0	0	0.6	-5	1.92	4	2.52	-1	4.44	3	5.04	-2	6	0
37.11	27.5	0	0	0.45	-5	2.04	4	2.49	-1	4.53	3	4.98	-2	6	0
37.14	27.5	0	0	0.3	-5	2.16	4	2.46	-1	4.62	3	4.92	-2	6	0
37.17	27.5	0	0	0.15	-5	2.23	-1	2.48	4	4.66	-2	4.91	3	6	0
37.2	27.5	0	0	0.2	5	2.2	-1	2.6	4	4.6	-2	5	3	6	0
37.23	27.5	0	0	0.35	5	2.17	-1	2.72	4	4.54	-2	5.09	3	6	0
37.26	27.5	0	0	0.5	5	2.14	-1	2.84	4	4.48	-2	5.18	3	6	0
37.29	27.5	0	0	0.65	5	2.11	-1	2.96	4	4.42	-2	5.27	3	6	0
37.32	27.5	0	0	0.8	5	2.08	-1	3.08	4	4.36	-2	5.36	3	6	0
37.35	27.5	0	0	0.95	5	2.05	-1	3.2	4	4.3	-2	5.45	3	6	0
37.38	27.5	0	0	1.1	5	2.02	-1	3.32	4	4.24	-2	5.54	3	6	0
37.41	27.5	0	0	1.25	5	1.99	-1	3.44	4	4.18	-2	5.63	3	6	0
37.44	27.5	0	0	1.4	5	1.96	-1	3.56	4	4.12	-2	5.72	3	6	0
37.47	27.5	0	0	1.55	5	1.93	-1	3.68	4	4.06	-2	5.81	3	6	0
37.5	27.5	0	0	1.7	-1	1.9	5	3.8	4	4	-2	5.9	3	6	0
37.53	27.5	0	0	1.67	-1	2.05	5	3.74	-2	4.12	4	5.81	-3	6	0
37.56	27.5	0	0	1.64	-1	2.2	5	3.68	-2	4.24	4	5.72	-3	6	0
37.59	27.5	0	0	1.61	-1	2.35	5	3.62	-2	4.36	4	5.63	-3	6	0
37.62	27.5	0	0	1.58	-1	2.5	5	3.56	-2	4.48	4	5.54	-3	6	0
37.65	27.5	0	0	1.55	-1	2.65	5	3.5	-2	4.6	4	5.45	-3	6	0
37.68	27.5	0	0	1.52	-1	2.8	5	3.44	-2	4.72	4	5.36	-3	6	0
37.71	27.5	0	0	1.49	-1	2.95	5	3.38	-2	4.84	4	5.27	-3	6	0
37.74	27.5	0	0	1.46	-1	3.1	5	3.32	-2	4.96	4	5.18	-3	6	0
37.77	27.5	0	0	1.43	-1	3.06	-2	3.45	5	4.89	-3	5.28	4	6	0
37.8	27.5	0	0	1.4	-1	3	-2	3.6	5	4.8	-3	5.4	4	6	0
37.83	27.5	0	0	1.37	-1	2.94	-2	3.75	5	4.71	-3	5.52	4	6	0
37.86	27.5	0	0	1.34	-1	2.88	-2	3.9	5	4.62	-3	5.64	4	6	0
37.89	27.5	0	0	1.31	-1	2.82	-2	4.05	5	4.53	-3	5.76	4	6	0
37.92	27.5	0	0	1.28	-1	2.76	-2	4.2	5	4.44	-3	5.88	4	6	0
37.95	27.5	0	0	1.25	-1	2.7	-2	4.15	-3	4.55	5	5.8	-4	6	0
37.98	27.5	0	0	1.22	-1	2.64	-2	4.06	-3	4.7	5	5.68	-4	6	0
38.01	27.5	0	0	1.19	-1	2.58	-2	3.97	-3	4.85	5	5.56	-4	6	0
38.04	27.5	0	0	1.16	-1	2.52	-2	3.88	-3	5	5	5.44	-4	6	0
38.07	27.5	0	0	1.13	-1	2.46	-2	3.79	-3	5.12	-4	5.35	5	6	0
38.1	27.5	0	0	1.1	-1	2.4	-2	3.7	-3	5	-4	5.5	5	6	0
38.13	27.5	0	0	1.07	-1	2.34	-2	3.61	-3	4.88	-4	5.65	5	6	0
38.16	27.5	0	0	1.04	-1	2.28	-2	3.52	-3	4.76	-4	5.8	5	6	0
38.19	27.5	0	0	1.01	-1	2.22	-2	3.43	-3	4.64	-4	5.85	-5	6	0
38.22	27.5	0	0	0.98	-1	2.16	-2	3.34	-3	4.52	-4	5.7	-5	6	0
38.25	27.5	0	0	0.95	-1	2.1	-2	3.25	-3	4.4	-4	5.55	-5	6	0
38.28	27.5	0	0	0.92	-1	2.04	-2	3.16	-3	4.28	-4	5.4	-5	6	0
38.31	27.5	0	0	0.89	-1	1.98	-2	3.07	-3	4.16	-4	5.25	-5	6	0
38.34	27.5	0	0	0.86	-1	1.92	-2	2.98	-3	4.04	-4	5.1	-5	6	0
38.37	27.5	0	0	0.83	-1	1.86	-2	2.89	-3	3.92	-4	4.95	-5	6	0
38.4	27.5	0	0	0.8	-1	1.8	-2	2.8	-3	3.8	-4	4.8	-5	6	0
38.43	27.5	0	0	0.77	-1	1.74	-2	2.71	-3	3.68	-4	4.65	-5	6	0
38.46	27.5	0	0	0.74	-1	1.68	-2	2.62	-3	3.56	-4	4.5	-5	6	0
38.49	27.5	0	0	0.71	-1	1.62	-2	2.53	-3	3.44	-4	4.35	-5	6	0
38.52	27.5	0	0	0.68	-1	1.56	-2	2.44	-3	3.32	-4	4.2	-5	6	0
38.55	27.5	0	0	0.65	-1	1.5	-2	2.35	-3	3.2	-4	4.05	-5	6	0
38.58	27.5	0	0	0.62	-1	1.44	-2	2.26	-3	3.08	-4	3.9	-5	6	0
38.61	27.5	0	0	0.59	-1	1.38	-2	2.17	-3	2.96	-4	3.75	-5	6	0
38.64	27.5	0	0	0.56	-1	1.32	-2	2.08	-3	2.84	-4	3.6	-5	6	0
38.67	27.5	0	0	0.53	-1	1.26	-2	1.99	-3	2.72	-4	3.45	-5	6	0
38.7	27.5	0	0	0.5	-1	1.2	-2	1.9	-3	2.6	-4	3.3	-5	6	0
38.73	27.5	0	0	0.47	-1	1.14	-2	1.81	-3	2.48	-4	3.15	-5	6	0
38.76	27.5	0	0	0.44	-1	1.08	-2	1.72	-3	2.36	-4	3	-5	6	0
38.79	27.5	0	0	0.41	-1	1.02	-2	1.63	-3	2.24	-4	2.85	-5	6	0
38.82	27.5	0	0	0.38	-1	0.96	-2	1.54	-3	2.12	-4	2.7	-5	6	0
38.85	27.5	0	0	0.35	-1	0.9	-2	1.45	-3	2	-4	2.55	-5	6	0
38.88	27.5	0	0	0.32	-1	0.84	-2	1.36	-3	1.88	-4	2.4	-5	6	0
38.91	27.5	0	0	0.29	-1	0.78	-2	1.27	-3	1.76	-4	2.25	-5	6	0
38.94	27.5	0	0	0.26	-1	0.72	-2	1.18	-3	1.64	-4	2.1	-5	6	0
38.97	27.5	0	0	0.23	-1	0.66	-2	1.09	-3	1.52	-4	1.95	-5	6	0
39	27.5	0	0	0.2	-1	0.6	-2	1	-3	1.4	-4	1.8	-5	6	0
39.03	27.5	0	0	0.17	-1	0.54	-2	0.91	-3	1.28	-4	1.65	-5	6	0
39.06	27.5	0	0	0.14	-1	0.48	-2	0.82	-3	1.16	-4	1.5	-5	6	0
39.09	27.5	0	0	0.11	-1	0.42	-2	0.73	-3	1.04	-4	1.35	-5	6	0
39.12	27.5	0	0	0.12	1	0.36	-2	0.64	-3	0.92	-4	1.2	-5	6	0
39.15	27.5	0	0	0.1	-2	0.35	1	0.55	-3	0.8	-4	1.05	-5	6	0
39.18	27.5	0	0	0.1	5	0.32	4	0.54	3	0.76	2	0.98	1	6	0
39.21	27.5	0	0	0.21	1	0.42	2	0.63	3	0.84	4	1.05	5	6	0
39.24	27.5	0	0	0.24	1	0.48	2	0.72	3	0.96	4	1.2	5	6	0
39.27	27.5	0	0	0.27	1	0.54	2	0.81	3	1.08	4	1.35	5	6	0
39.3	27.5	0	0	0.3	1	0.6	2	0.9	3	1.2	4	1.5	5	6	0
39.33	27.5	0	0	0.33	1	0.66	2	0.99	3	1.32	4	1.65	5	6	0
39.36	27.5	0	0	0.36	1	0.72	2	1.08	3	1.44	4	1.8	5	6	0
39.39	27.5	0	0	0.39	1	0.78	2	1.17	3	1.56	4	1.95	5	6	0
39.42	27.5	0	0	0.42	1	0.84	2	1.26	3	1.68	4	2.1	5	6	0
39.45	27.5	0	0	0.45	1	0.9	2	1.35	3	1.8	4	2.25	5	6	0
39.48	27.5	0	0	0.48	1	0.96	2	1.44	3	1.92	4	2.4	5	6	0
39.51	27.5	0	0	0.51	1	1.02	2	1.53	3	2.04	4	2.55	5	6	0
39.54	27.5	0	0	0.54	1	1.08	2	1.62	3	2.16	4	2.7	5	6	0
39.57	27.5	0	0	0.57	1	1.14	2	1.71	3	2.28	4	2.85	5	6	0
39.6	27.5	0	0	0.6	1	1.2	2	1.8	3	2.4	4	3	5	6	0
39.63	27.5	0	0	0.63	1	1.26	2	1.89	3	2.52	4	3.15	5	6	0
39.66	27.5	0	0	0.66	1	1.32	2	1.98	3	2.64	4	3.3	5	6	0
39.69	27.5	0	0	0.69	1	1.38	2	2.07	3	2.76	4	3.45	5	6	0
39.72	27.5	0	0	0.72	1	1.44	2	2.16	3	2.88	4	3.6	5	6	0
39.75	27.5	0	0	0.75	1	1.5	2	2.25	3	3	4	3.75	5	6	0
39.78	27.5	0	0	0.78	1	1.56	2	2.34	3	3.12	4	3.9	5	6	0
39.81	27.5	0	0	0.81	1	1.62	2	2.43	3	3.24	4	4.05	5	6	0
39.84	27.5	0	0	0.84	1	1.68	2	2.52	3	3.36	4	4.2	5	6	0
39.87	27.5	0	0	0.87	1	1.74	2	2.61	3	3.48	4	4.35	5	6	0
39.9	27.5	0	0	0.9	1	1.8	2	2.7	3	3.6	4	4.5	5	6	0
39.93	27.5	0	0	0.93	1	1.86	2	2.79	3	3.72	4	4.65	5	6	0
39.96	27.5	0	0	0.96	1	1.92	2	2.88	3	3.84	4	4.8	5	6	0
39.99	27.5	0	0	0.99	1	1.98	2	2.97	3	3.96	4	4.95	5	6	0
40.02	27.5	0	0	1.02	1	2.04	2	3.06	3	4.08	4	5.1	5	6	0
40.05	27.5	0	0	1.05	1	2.1	2	3.15	3	4.2	4	5.25	5	6	0
40.08	27.5	0	0	1.08	1	2.16	2	3.24	3	4.32	4	5.4	5	6	0
40.11	27.5	0	0	1.11	1	2.22	2	3.33	3	4.44	4	5.55	5	6	0
40.14	27.5	0	0	1.14	1	2.28	2	3.42	3	4.56	4	5.7	5	6	0
40.17	27.5	0	0	1.17	1	2.34	2	3.51	3	4.68	4	5.85	5	6	0
40.2	27.5	0	0	1.2	1	2.4	2	3.6	3	4.8	4	5.8	-5	6	0
40.23	27.5	0	0	1.23	1	2.46	2	3.69	3	4.92	4	5.65	-5	6	0
40.26	27.5	0	0	1.26	1	2.52	2	3.78	3	5.04	4	5.5	-5	6	0
40.29	27.5	0	0	1.29	1	2.58	2	3.87	3	5.15	-5	5.36	4	6	0
40.32	27.5	0	0	1.32	1	2.64	2	3.96	3	5	-5	5.48	4	6	0
40.35	27.5	0	0	1.35	1	2.7	2	4.05	3	4.85	-5	5.6	4	6	0
40.38	27.5	0	0	1.38	1	2.76	2	4.14	3	4.7	-5	5.72	4	6	0
40.41	27.5	0	0	1.41	1	2.82	2	4.23	3	4.55	-5	5.84	4	6	0
40.44	27.5	0	0	1.44	1	2.88	2	4.2	-5	4.52	3	5.84	-4	6	0
40.47	27.5	0	0	1.47	1	2.94	2	4.05	-5	4.61	3	5.72	-4	6	0
40.5	27.5	0	0	1.5	1	3	2	3.9	-5	4.7	3	5.6	-4	6	0
40.53	27.5	0	0	1.53	1	3.06	2	3.75	-5	4.79	3	5.48	-4	6	0
40.56	27.5	0	0	1.56	1	3.12	2	3.6	-5	4.88	3	5.36	-4	6	0
40.59	27.5	0	0	1.59	1	3.18	2	3.45	-5	4.97	3	5.24	-4	6	0
40.62	27.5	0	0	1.62	1	3.1	-5	3.44	2	4.92	-4	5.26	3	6	0
40.65	27.5	0	0	1.65	1	2.95	-5	3.5	2	4.8	-4	5.35	3	6	0
40.68	27.5	0	0	1.68	1	2.8	-5	3.56	2	4.68	-4	5.44	3	6	0
40.71	27.5	0	0	1.71	1	2.65	-5	3.62	2	4.56	-4	5.53	3	6	0
40.74	27.5	0	0	1.74	1	2.5	-5	3.68	2	4.44	-4	5.62	3	6	0
40.77	27.5	0	0	1.77	1	2.35	-5	3.74	2	4.32	-4	5.71	3	6	0
40.8	27.5	0	0	1.8	1	2.2	-5	3.8	2	4.2	-4	5.8	3	6	0
40.83	27.5	0	0	1.83	1	2.05	-5	3.86	2	4.08	-4	5.89	3	6	0
40.86	27.5	0	0	1.7	-5	2.06	1	3.76	-4	4.12	2	5.82	-3	6	0
40.89	27.5	0	0	1.55	-5	2.09	1	3.64	-4	4.18	2	5.73	-3	6	0
40.92	27.5	0	0	1.4	-5	2.12	1	3.52	-4	4.24	2	5.64	-3	6	0
40.95	27.5	0	0	1.25	-5	2.15	1	3.4	-4	4.3	2	5.55	-3	6	0
40.98	27.5	0	0	1.1	-5	2.18	1	3.28	-4	4.36	2	5.46	-3	6	0
41.01	27.5	0	0	0.95	-5	2.21	1	3.16	-4	4.42	2	5.37	-3	6	0
41.04	27.5	0	0	0.8	-5	2.24	1	3.04	-4	4.48	2	5.28	-3	6	0
41.07	27.5	0	0	0.65	-5	2.27	1	2.92	-4	4.54	2	5.19	-3	6	0
41.1	27.5	0	0	0.5	-5	2.3	1	2.8	-4	4.6	2	5.1	-3	6	0
41.13	27.5	0	0	0.35	-5	2.33	1	2.68	-4	4.66	2	5.01	-3	6	0
41.16	27.5	0	0	0.2	-5	2.36	-4	2.56	1	4.72	2	4.92	-3	6	0
41.19	27.5	0	0	0.15	5	2.24	-4	2.59	1	4.63	-3	4.98	2	6	0
41.22	27.5	0	0	0.3	5	2.12	-4	2.62	1	4.54	-3	5.04	2	6	0
41.25	27.5	0	0	0.45	5	2	-4	2.65	1	4.45	-3	5.1	2	6	0
41.28	27.5	0	0	0.6	5	1.88	-4	2.68	1	4.36	-3	5.16	2	6	0
41.31	27.5	0	0	0.75	5	1.76	-4	2.71	1	4.27	-3	5.22	2	6	0
41.34	27.5	0	0	0.9	5	1.64	-4	2.74	1	4.18	-3	5.28	2	6	0
41.37	27.5	0	0	1.05	5	1.52	-4	2.77	1	4.09	-3	5.34	2	6	0
41.4	27.5	0	0	1.2	-4	1.4	5	2.8	1	4	-3	5.4	2	6	0
41.43	27.5	0	0	1.08	-4	1.55	5	2.83	1	3.91	-3	5.46	2	6	0
41.46	27.5	0	0	0.96	-4	1.7	5	2.86	1	3.82	-3	5.52	2	6	0
41.49	27.5	0	0	0.84	-4	1.85	5	2.89	1	3.73	-3	5.58	2	6	0
41.52	27.5	0	0	0.72	-4	2	5	2.92	1	3.64	-3	5.64	2	6	0
41.55	27.5	0	0	0.6	-4	2.15	5	2.95	1	3.55	-3	5.7	2	6	0
41.58	27.5	0	0	0.48	-4	2.3	5	2.98	1	3.46	-3	5.76	2	6	0
41.61	27.5	0	0	0.36	-4	2.45	5	3.01	1	3.37	-3	5.82	2	6	0
41.64	27.5	0	0	0.24	-4	2.6	5	3.04	1	3.28	-3	5.88	2	6	0
41.67	27.5	0	0	0.12	-4	2.75	5	2.99	-3	3.27	1	5.86	-2	6	0
41.7	27.5	0	0	0.2	4	2.7	-3	3.1	1	3.3	5	5.8	-2	6	0
41.73	27.5	0	0	0.32	4	2.61	-3	3.13	1	3.45	5	5.74	-2	6	0
41.76	27.5	0	0	0.44	4	2.52	-3	3.16	1	3.6	5	5.68	-2	6	0
41.79	27.5	0	0	0.56	4	2.43	-3	3.19	1	3.75	5	5.62	-2	6	0
41.82	27.5	0	0	0.68	4	2.34	-3	3.22	1	3.9	5	5.56	-2	6	0
41.85	27.5	0	0	0.8	4	2.25	-3	3.25	1	4.05	5	5.5	-2	6	0
41.88	27.5	0	0	0.92	4	2.16	-3	3.28	1	4.2	5	5.44	-2	6	0
41.91	27.5	0	0	1.04	4	2.07	-3	3.31	1	4.35	5	5.38	-2	6	0
41.94	27.5	0	0	1.16	4	1.98	-3	3.34	1	4.5	5	5.32	-2	6	0
41.97	27.5	0	0	1.28	4	1.89	-3	3.37	1	4.65	5	5.26	-2	6	0
42	27.5	0	0	1.4	4	1.8	-3	3.4	1	4.8	5	5.2	-2	6	0
42.03	27.5	0	0	1.51	-3	1.72	4	3.43	1	4.94	-2	5.15	5	6	0
42.06	27.5	0	0	1.42	-3	1.84	4	3.46	1	4.88	-2	5.3	5	6	0
42.09	27.5	0	0	1.33	-3	1.96	4	3.49	1	4.82	-2	5.45	5	6	0
42.12	27.5	0	0	1.24	-3	2.08	4	3.52	1	4.76	-2	5.6	5	6	0
42.15	27.5	0	0	1.15	-3	2.2	4	3.55	1	4.7	-2	5.75	5	6	0
42.18	27.5	0	0	1.06	-3	2.32	4	3.58	1	4.64	-2	5.9	-5	6	0
42.21	27.5	0	0	0.97	-3	2.44	4	3.61	1	4.58	-2	5.75	-5	6	0
42.24	27.5	0	0	0.88	-3	2.56	4	3.64	1	4.52	-2	5.6	-5	6	0
42.27	27.5	0	0	0.79	-3	2.68	4	3.67	1	4.46	-2	5.45	-5	6	0
42.3	27.5	0	0	0.7	-3	2.8	4	3.7	1	4.4	-2	5.3	-5	6	0
42.33	27.5	0	0	0.61	-3	2.92	4	3.73	1	4.34	-2	5.15	-5	6	0
42.36	27.5	0	0	0.52	-3	3.04	4	3.76	1	4.28	-2	5	-5	6	0
42.39	27.5	0	0	0.43	-3	3.16	4	3.79	1	4.22	-2	4.85	-5	6	0
42.42	27.5	0	0	0.34	-3	3.28	4	3.82	1	4.16	-2	4.7	-5	6	0
42.45	27.5	0	0	0.25	-3	3.4	4	3.85	1	4.1	-2	4.55	-5	6	0
42.48	27.5	0	0	0.16	-3	3.52	4	3.84	-2	4.08	1	4.4	-5	6	0
42.51	27.5	0	0	0.13	3	3.58	-2	3.84	4	4.05	-5	4.31	1	6	0
42.54	27.5	0	0	0.22	3	3.5	-5	3.72	-2	4.14	1	4.36	4	6	0
42.57	27.5	0	0	0.31	3	3.35	-5	3.66	-2	4.17	1	4.48	4	6	0
42.6	27.5	0	0	0.4	3	3.2	-5	3.6	-2	4.2	1	4.6	4	6	0
42.63	27.5	0	0	0.49	3	3.05	-5	3.54	-2	4.23	1	4.72	4	6	0
42.66	27.5	0	0	0.58	3	2.9	-5	3.48	-2	4.26	1	4.84	4	6	0
42.69	27.5	0	0	0.67	3	2.75	-5	3.42	-2	4.29	1	4.96	4	6	0
42.72	27.5	0	0	0.76	3	2.6	-5	3.36	-2	4.32	1	5.08	4	6	0
42.75	27.5	0	0	0.85	3	2.45	-5	3.3	-2	4.35	1	5.2	4	6	0
42.78	27.5	0	0	0.94	3	2.3	-5	3.24	-2	4.38	1	5.32	4	6	0
42.81	27.5	0	0	1.03	3	2.15	-5	3.18	-2	4.41	1	5.44	4	6	0
42.84	27.5	0	0	1.12	3	2	-5	3.12	-2	4.44	1	5.56	4	6	0
42.87	27.5	0	0	1.21	3	1.85	-5	3.06	-2	4.47	1	5.68	4	6	0
42.9	27.5	0	0	1.3	3	1.7	-5	3	-2	4.5	1	5.8	4	6	0
42.93	27.5	0	0	1.35	-5	1.59	3	2.94	-2	4.53	1	5.88	-4	6	0
42.96	27.5	0	0	1.2	-5	1.68	3	2.88	-2	4.56	1	5.76	-4	6	0
42.99	27.5	0	0	1.05	-5	1.77	3	2.82	-2	4.59	1	5.64	-4	6	0
43.02	27.5	0	0	0.9	-5	1.86	3	2.76	-2	4.62	1	5.52	-4	6	0
43.05	27.5	0	0	0.75	-5	1.95	3	2.7	-2	4.65	1	5.4	-4	6	0
43.08	27.5	0	0	0.6	-5	2.04	3	2.64	-2	4.68	1	5.28	-4	6	0
43.11	27.5	0	0	0.45	-5	2.13	3	2.58	-2	4.71	1	5.16	-4	6	0
43.14	27.5	0	0	0.3	-5	2.22	3	2.52	-2	4.74	1	5.04	-4	6	0
43.17	27.5	0	0	0.15	-5	2.26	-2	2.51	3	4.72	-4	4.97	1	6	0
43.2	27.5	0	0	0.2	5	2.2	-2	2.6	3	4.6	-4	5	1	6	0
43.23	27.5	0	0	0.35	5	2.14	-2	2.69	3	4.48	-4	5.03	1	6	0
43.26	27.5	0	0	0.5	5	2.08	-2	2.78	3	4.36	-4	5.06	1	6	0
43.29	27.5	0	0	0.65	5	2.02	-2	2.87	3	4.24	-4	5.09	1	6	0
43.32	27.5	0	0	0.8	5	1.96	-2	2.96	3	4.12	-4	5.12	1	6	0
43.35	27.5	0	0	0.95	5	1.9	-2	3.05	3	4	-4	5.15	1	6	0
43.38	27.5	0	0	1.1	5	1.84	-2	3.14	3	3.88	-4	5.18	1	6	0
43.41	27.5	0	0	1.25	5	1.78	-2	3.23	3	3.76	-4	5.21	1	6	0
43.44	27.5	0	0	1.4	5	1.72	-2	3.32	3	3.64	-4	5.24	1	6	0
43.47	27.5	0	0	1.46	-2	1.75	5	3.32	-4	3.61	3	5.27	1	6	0
43.5	27.5	0	0	1.4	-2	1.9	5	3.2	-4	3.7	3	5.3	1	6	0
43.53	27.5	0	0	1.34	-2	2.05	5	3.08	-4	3.79	3	5.33	1	6	0
43.56	27.5	0	0	1.28	-2	2.2	5	2.96	-4	3.88	3	5.36	1	6	0
43.59	27.5	0	0	1.22	-2	2.35	5	2.84	-4	3.97	3	5.39	1	6	0
43.62	27.5	0	0	1.16	-2	2.5	5	2.72	-4	4.06	3	5.42	1	6	0
43.65	27.5	0	0	1.1	-2	2.4	-4	2.85	5	4.15	3	5.45	1	6	0
43.68	27.5	0	0	1.04	-2	2.28	-4	3	5	4.24	3	5.48	1	6	0
43.71	27.5	0	0	0.98	-2	2.16	-4	3.15	5	4.33	3	5.51	1	6	0
43.74	27.5	0	0	0.92	-2	2.04	-4	3.3	5	4.42	3	5.54	1	6	0
43.77	27.5	0	0	0.86	-2	1.92	-4	3.45	5	4.51	3	5.57	1	6	0
43.8	27.5	0	0	0.8	-2	1.8	-4	3.6	5	4.6	3	5.6	1	6	0
43.83	27.5	0	0	0.74	-2	1.68	-4	3.75	5	4.69	3	5.63	1	6	0
43.86	27.5	0	0	0.68	-2	1.56	-4	3.9	5	4.78	3	5.66	1	6	0
43.89	27.5	0	0	0.62	-2	1.44	-4	4.05	5	4.87	3	5.69	1	6	0
43.92	27.5	0	0	0.56	-2	1.32	-4	4.2	5	4.96	3	5.72	1	6	0
43.95	27.5	0	0	0.5	-2	1.2	-4	4.35	5	5.05	3	5.75	1	6	0
43.98	27.5	0	0	0.44	-2	1.08	-4	4.5	5	5.14	3	5.78	1	6	0
44.01	27.5	0	0	0.38	-2	0.96	-4	4.65	5	5.23	3	5.81	1	6	0
44.04	27.5	0	0	0.32	-2	0.84	-4	4.8	5	5.32	3	5.84	1	6	0
44.07	27.5	0	0	0.26	-2	0.72	-4	4.95	5	5.41	3	5.87	1	6	0
44.1	27.5	0	0	0.2	-2	0.6	-4	5.1	5	5.5	3	5.9	-1	6	0
44.13	27.5	0	0	0.14	-2	0.48	-4	5.25	5	5.59	3	5.87	-1	6	0
44.16	27.5	0	0	0.12	2	0.36	-4	5.4	5	5.64	-1	5.88	3	6	0
44.19	27.5	0	0	0.16	4	0.38	2	5.41	-1	5.63	-3	5.85	-5	6	0
44.22	27.5	0	0	0.24	2	0.48	4	5.3	-5	5.54	-3	5.78	-1	6	0
44.25	27.5	0	0	0.3	2	0.6	4	5.15	-5	5.45	-3	5.75	-1	6	0
44.28	27.5	0	0	0.36	2	0.72	4	5	-5	5.36	-3	5.72	-1	6	0
44.31	27.5	0	0	0.42	2	0.84	4	4.85	-5	5.27	-3	5.69	-1	6	0
44.34	27.5	0	0	0.48	2	0.96	4	4.7	-5	5.18	-3	5.66	-1	6	0
44.37	27.5	0	0	0.54	2	1.08	4	4.55	-5	5.09	-3	5.63	-1	6	0
44.4	27.5	0	0	0.6	2	1.2	4	4.4	-5	5	-3	5.6	-1	6	0
44.43	27.5	0	0	0.66	2	1.32	4	4.25	-5	4.91	-3	5.57	-1	6	0
44.46	27.5	0	0	0.72	2	1.44	4	4.1	-5	4.82	-3	5.54	-1	6	0
44.49	27.5	0	0	0.78	2	1.56	4	3.95	-5	4.73	-3	5.51	-1	6	0
44.52	27.5	0	0	0.84	2	1.68	4	3.8	-5	4.64	-3	5.48	-1	6	0
44.55	27.5	0	0	0.9	2	1.8	4	3.65	-5	4.55	-3	5.45	-1	6	0
44.58	27.5	0	0	0.96	2	1.92	4	3.5	-5	4.46	-3	5.42	-1	6	0
44.61	27.5	0	0	1.02	2	2.04	4	3.35	-5	4.37	-3	5.39	-1	6	0
44.64	27.5	0	0	1.08	2	2.16	4	3.2	-5	4.28	-3	5.36	-1	6	0
44.67	27.5	0	0	1.14	2	2.28	4	3.05	-5	4.19	-3	5.33	-1	6	0
44.7	27.5	0	0	1.2	2	2.4	4	2.9	-5	4.1	-3	5.3	-1	6	0
44.73	27.5	0	0	1.26	2	2.52	4	2.75	-5	4.01	-3	5.27	-1	6	0
44.76	27.5	0	0	1.32	2	2.4	-5	2.84	4	3.92	-3	5.24	-1	6	0
44.79	27.5	0	0	1.38	2	2.25	-5	2.96	4	3.83	-3	5.21	-1	6	0
44.82	27.5	0	0	1.44	2	2.1	-5	3.08	4	3.74	-3	5.18	-1	6	0
44.85	27.5	0	0	1.5	2	1.95	-5	3.2	4	3.65	-3	5.15	-1	6	0
44.88	27.5	0	0	1.56	2	1.8	-5	3.32	4	3.56	-3	5.12	-1	6	0
44.91	27.5	0	0	1.45	-5	1.82	2	3.27	-3	3.64	4	5.09	-1	6	0
44.94	27.5	0	0	1.3	-5	1.88	2	3.18	-3	3.76	4	5.06	-1	6	0
44.97	27.5	0	0	1.15	-5	1.94	2	3.09	-3	3.88	4	5.03	-1	6	0
45	27.5	0	0	1	-5	2	2	3	-3	4	4	5	-1	6	0
45.03	27.5	0	0	0.85	-5	2.06	2	2.91	-3	4.12	4	4.97	-1	6	0
45.06	27.5	0	0	0.7	-5	2.12	2	2.82	-3	4.24	4	4.94	-1	6	0
45.09	27.5	0	0	0.55	-5	2.18	2	2.73	-3	4.36	4	4.91	-1	6	0
45.12	27.5	0	0	0.4	-5	2.24	2	2.64	-3	4.48	4	4.88	-1	6	0
45.15	27.5	0	0	0.25	-5	2.3	2	2.55	-3	4.6	4	4.85	-1	6	0
45.18	27.5	0	0	0.1	5	2.26	-3	2.56	2	4.62	-1	4.92	4	6	0
45.21	27.5	0	0	0.25	5	2.17	-3	2.62	2	4.59	-1	5.04	4	6	0
45.24	27.5	0	0	0.4	5	2.08	-3	2.68	2	4.56	-1	5.16	4	6	0
45.27	27.5	0	0	0.55	5	1.99	-3	2.74	2	4.53	-1	5.28	4	6	0
45.3	27.5	0	0	0.7	5	1.9	-3	2.8	2	4.5	-1	5.4	4	6	0
45.33	27.5	0	0	0.85	5	1.81	-3	2.86	2	4.47	-1	5.52	4	6	0
45.36	27.5	0	0	1	5	1.72	-3	2.92	2	4.44	-1	5.64	4	6	0
45.39	27.5	0	0	1.15	5	1.63	-3	2.98	2	4.41	-1	5.76	4	6	0
45.42	27.5	0	0	1.3	5	1.54	-3	3.04	2	4.38	-1	5.88	4	6	0
45.45	27.5	0	0	1.25	-3	1.65	5	3.1	2	4.35	-1	5.8	-4	6	0
45.48	27.5	0	0	1.16	-3	1.8	5	3.16	2	4.32	-1	5.68	-4	6	0
45.51	27.5	0	0	1.07	-3	1.95	5	3.22	2	4.29	-1	5.56	-4	6	0
45.54	27.5	0	0	0.98	-3	2.1	5	3.28	2	4.26	-1	5.44	-4	6	0
45.57	27.5	0	0	0.89	-3	2.25	5	3.34	2	4.23	-1	5.32	-4	6	0
45.6	27.5	0	0	0.8	-3	2.4	5	3.4	2	4.2	-1	5.2	-4	6	0
45.63	27.5	0	0	0.71	-3	2.55	5	3.46	2	4.17	-1	5.08	-4	6	0
45.66	27.5	0	0	0.62	-3	2.7	5	3.52	2	4.14	-1	4.96	-4	6	0
45.69	27.5	0	0	0.53	-3	2.85	5	3.58	2	4.11	-1	4.84	-4	6	0
45.72	27.5	0	0	0.44	-3	3	5	3.64	2	4.08	-1	4.72	-4	6	0
45.75	27.5	0	0	0.35	-3	3.15	5	3.7	2	4.05	-1	4.6	-4	6	0
45.78	27.5	0	0	0.26	-3	3.3	5	3.76	2	4.02	-1	4.48	-4	6	0
45.81	27.5	0	0	0.17	-3	3.45	5	3.79	-1	4.02	2	4.36	-4	6	0
45.84	27.5	0	0	0.12	3	3.56	-1	3.8	5	4.04	-4	4.28	2	6	0
45.87	27.5	0	0	0.21	3	3.52	-4	3.73	-1	4.14	2	4.35	5	6	0
45.9	27.5	0	0	0.3	3	3.4	-4	3.7	-1	4.2	2	4.5	5	6	0
45.93	27.5	0	0	0.39	3	3.28	-4	3.67	-1	4.26	2	4.65	5	6	0
45.96	27.5	0	0	0.48	3	3.16	-4	3.64	-1	4.32	2	4.8	5	6	0
45.99	27.5	0	0	0.57	3	3.04	-4	3.61	-1	4.38	2	4.95	5	6	0
46.02	27.5	0	0	0.66	3	2.92	-4	3.58	-1	4.44	2	5.1	5	6	0
46.05	27.5	0	0	0.75	3	2.8	-4	3.55	-1	4.5	2	5.25	5	6	0
46.08	27.5	0	0	0.84	3	2.68	-4	3.52	-1	4.56	2	5.4	5	6	0
46.11	27.5	0	0	0.93	3	2.56	-4	3.49	-1	4.62	2	5.55	5	6	0
46.14	27.5	0	0	1.02	3	2.44	-4	3.46	-1	4.68	2	5.7	5	6	0
46.17	27.5	0	0	1.11	3	2.32	-4	3.43	-1	4.74	2	5.85	5	6	0
46.2	27.5	0	0	1.2	3	2.2	-4	3.4	-1	4.8	2	5.8	-5	6	0
46.23	27.5	0	0	1.29	3	2.08	-4	3.37	-1	4.86	2	5.65	-5	6	0
46.26	27.5	0	0	1.38	3	1.96	-4	3.34	-1	4.92	2	5.5	-5	6	0
46.29	27.5	0	0	1.47	3	1.84	-4	3.31	-1	4.98	2	5.35	-5	6	0
46.32	27.5	0	0	1.52	-4	1.76	3	3.28	-1	5	-5	5.24	2	6	0
46.35	27.5	0	0	1.4	-4	1.85	3	3.25	-1	4.85	-5	5.3	2	6	0
46.38	27.5	0	0	1.28	-4	1.94	3	3.22	-1	4.7	-5	5.36	2	6	0
46.41	27.5	0	0	1.16	-4	2.03	3	3.19	-1	4.55	-5	5.42	2	6	0
46.44	27.5	0	0	1.04	-4	2.12	3	3.16	-1	4.4	-5	5.48	2	6	0
46.47	27.5	0	0	0.92	-4	2.21	3	3.13	-1	4.25	-5	5.54	2	6	0
46.5	27.5	0	0	0.8	-4	2.3	3	3.1	-1	4.1	-5	5.6	2	6	0
46.53	27.5	0	0	0.68	-4	2.39	3	3.07	-1	3.95	-5	5.66	2	6	0
46.56	27.5	0	0	0.56	-4	2.48	3	3.04	-1	3.8	-5	5.72	2	6	0
46.59	27.5	0	0	0.44	-4	2.57	3	3.01	-1	3.65	-5	5.78	2	6	0
46.62	27.5	0	0	0.32	-4	2.66	3	2.98	-1	3.5	-5	5.84	2	6	0
46.65	27.5	0	0	0.2	-4	2.75	3	2.95	-1	3.35	-5	5.9	2	6	0
46.68	27.5	0	0	0.12	4	2.72	-1	3	-5	3.24	3	5.84	-2	6	0
46.71	27.5	0	0	0.24	4	2.65	-5	2.89	-1	3.33	3	5.78	-2	6	0
46.74	27.5	0	0	0.36	4	2.5	-5	2.86	-1	3.42	3	5.72	-2	6	0
46.77	27.5	0	0	0.48	4	2.35	-5	2.83	-1	3.51	3	5.66	-2	6	0
46.8	27.5	0	0	0.6	4	2.2	-5	2.8	-1	3.6	3	5.6	-2	6	0
46.83	27.5	0	0	0.72	4	2.05	-5	2.77	-1	3.69	3	5.54	-2	6	0
46.86	27.5	0	0	0.84	4	1.9	-5	2.74	-1	3.78	3	5.48	-2	6	0
46.89	27.5	0	0	0.96	4	1.75	-5	2.71	-1	3.87	3	5.42	-2	6	0
46.92	27.5	0	0	1.08	4	1.6	-5	2.68	-1	3.96	3	5.36	-2	6	0
46.95	27.5	0	0	1.2	4	1.45	-5	2.65	-1	4.05	3	5.3	-2	6	0
46.98	27.5	0	0	1.1	-5	1.52	4	2.62	-1	4.14	3	5.24	-2	6	0
47.01	27.5	0	0	0.95	-5	1.64	4	2.59	-1	4.23	3	5.18	-2	6	0
47.04	27.5	0	0	0.8	-5	1.76	4	2.56	-1	4.32	3	5.12	-2	6	0
47.07	27.5	0	0	0.65	-5	1.88	4	2.53	-1	4.41	3	5.06	-2	6	0
47.1	27.5	0	0	0.5	-5	2	4	2.5	-1	4.5	3	5	-2	6	0
47.13	27.5	0	0	0.35	-5	2.12	4	2.47	-1	4.59	3	4.94	-2	6	0
47.16	27.5	0	0	0.2	-5	2.24	-1	2.44	4	4.68	3	4.88	-2	6	0
47.19	27.5	0	0	0.15	5	2.21	-1	2.56	4	4.62	-2	4.97	3	6	0
47.22	27.5	0	0	0.3	5	2.18	-1	2.68	4	4.56	-2	5.06	3	6	0
47.25	27.5	0	0	0.45	5	2.15	-1	2.8	4	4.5	-2	5.15	3	6	0
47.28	27.5	0	0	0.6	5	2.12	-1	2.92	4	4.44	-2	5.24	3	6	0
47.31	27.5	0	0	0.75	5	2.09	-1	3.04	4	4.38	-2	5.33	3	6	0
47.34	27.5	0	0	0.9	5	2.06	-1	3.16	4	4.32	-2	5.42	3	6	0
47.37	27.5	0	0	1.05	5	2.03	-1	3.28	4	4.26	-2	5.51	3	6	0
47.4	27.5	0	0	1.2	5	2	-1	3.4	4	4.2	-2	5.6	3	6	0
47.43	27.5	0	0	1.35	5	1.97	-1	3.52	4	4.14	-2	5.69	3	6	0
47.46	27.5	0	0	1.5	5	1.94	-1	3.64	4	4.08	-2	5.78	3	6	0
47.49	27.5	0	0	1.65	5	1.91	-1	3.76	4	4.02	-2	5.87	3	6	0
47.52	27.5	0	0	1.68	-1	2	5	3.76	-2	4.08	4	5.84	-3	6	0
47.55	27.5	0	0	1.65	-1	2.15	5	3.7	-2	4.2	4	5.75	-3	6	0
47.58	27.5	0	0	1.62	-1	2.3	5	3.64	-2	4.32	4	5.66	-3	6	0
47.61	27.5	0	0	1.59	-1	2.45	5	3.58	-2	4.44	4	5.57	-3	6	0
47.64	27.5	0	0	1.56	-1	2.6	5	3.52	-2	4.56	4	5.48	-3	6	0
47.67	27.5	0	0	1.53	-1	2.75	5	3.46	-2	4.68	4	5.39	-3	6	0
47.7	27.5	0	0	1.5	-1	2.9	5	3.4	-2	4.8	4	5.3	-3	6	0
47.73	27.5	0	0	1.47	-1	3.05	5	3.34	-2	4.92	4	5.21	-3	6	0
47.76	27.5	0	0	1.44	-1	3.08	-2	3.4	5	4.92	-3	5.24	4	6	0
47.79	27.5	0	0	1.41	-1	3.02	-2	3.55	5	4.83	-3	5.36	4	6	0
47.82	27.5	0	0	1.38	-1	2.96	-2	3.7	5	4.74	-3	5.48	4	6	0
47.85	27.5	0	0	1.35	-1	2.9	-2	3.85	5	4.65	-3	5.6	4	6	0
47.88	27.5	0	0	1.32	-1	2.84	-2	4	5	4.56	-3	5.72	4	6	0
47.91	27.5	0	0	1.29	-1	2.78	-2	4.15	5	4.47	-3	5.84	4	6	0
47.94	27.5	0	0	1.26	-1	2.72	-2	4.18	-3	4.5	5	5.84	-4	6	0
47.97	27.5	0	0	1.23	-1	2.66	-2	4.09	-3	4.65	5	5.72	-4	6	0
48	27.5	0	0	1.2	-1	2.6	-2	4	-3	4.8	5	5.6	-4	6	0
48.03	27.5	0	0	1.17	-1	2.54	-2	3.91	-3	4.95	5	5.48	-4	6	0
48.06	27.5	0	0	1.14	-1	2.48	-2	3.82	-3	5.1	5	5.36	-4	6	0
48.09	27.5	0	0	1.11	-1	2.42	-2	3.73	-3	5.04	-4	5.45	5	6	0
48.12	27.5	0	0	1.08	-1	2.36	-2	3.64	-3	4.92	-4	5.6	5	6	0
48.15	27.5	0	0	1.05	-1	2.3	-2	3.55	-3	4.8	-4	5.75	5	6	0
48.18	27.5	0	0	1.02	-1	2.24	-2	3.46	-3	4.68	-4	5.9	-5	6	0
48.21	27.5	0	0	0.99	-1	2.18	-2	3.37	-3	4.56	-4	5.75	-5	6	0
48.24	27.5	0	0	0.96	-1	2.12	-2	3.28	-3	4.44	-4	5.6	-5	6	0
48.27	27.5	0	0	0.93	-1	2.06	-2	3.19	-3	4.32	-4	5.45	-5	6	0
48.3	27.5	0	0	0.9	-1	2	-2	3.1	-3	4.2	-4	5.3	-5	6	0
48.33	27.5	0	0	0.87	-1	1.94	-2	3.01	-3	4.08	-4	5.15	-5	6	0
48.36	27.5	0	0	0.84	-1	1.88	-2	2.92	-3	3.96	-4	5	-5	6	0
48.39	27.5	0	0	0.81	-1	1.82	-2	2.83	-3	3.84	-4	4.85	-5	6	0
48.42	27.5	0	0	0.78	-1	1.76	-2	2.74	-3	3.72	-4	4.7	-5	6	0
48.45	27.5	0	0	0.75	-1	1.7	-2	2.65	-3	3.6	-4	4.55	-5	6	0
48.48	27.5	0	0	0.72	-1	1.64	-2	2.56	-3	3.48	-4	4.4	-5	6	0
48.51	27.5	0	0	0.69	-1	1.58	-2	2.47	-3	3.36	-4	4.25	-5	6	0
48.54	27.5	0	0	0.66	-1	1.52	-2	2.38	-3	3.24	-4	4.1	-5	6	0
48.57	27.5	0	0	0.63	-1	1.46	-2	2.29	-3	3.12	-4	3.95	-5	6	0
48.6	27.5	0	0	0.6	-1	1.4	-2	2.2	-3	3	-4	3.8	-5	6	0
48.63	27.5	0	0	0.57	-1	1.34	-2	2.11	-3	2.88	-4	3.65	-5	6	0
48.66	27.5	0	0	0.54	-1	1.28	-2	2.02	-3	2.76	-4	3.5	-5	6	0
48.69	27.5	0	0	0.51	-1	1.22	-2	1.93	-3	2.64	-4	3.35	-5	6	0
48.72	27.5	0	0	0.48	-1	1.16	-2	1.84	-3	2.52	-4	3.2	-5	6	0
48.75	27.5	0	0	0.45	-1	1.1	-2	1.75	-3	2.4	-4	3.05	-5	6	0
48.78	27.5	0	0	0.42	-1	1.04	-2	1.66	-3	2.28	-4	2.9	-5	6	0
48.81	27.5	0	0	0.39	-1	0.98	-2	1.57	-3	2.16	-4	2.75	-5	6	0
48.84	27.5	0	0	0.36	-1	0.92	-2	1.48	-3	2.04	-4	2.6	-5	6	0
48.87	27.5	0	0	0.33	-1	0.86	-2	1.39	-3	1.92	-4	2.45	-5	6	0
48.9	27.5	0	0	0.3	-1	0.8	-2	1.3	-3	1.8	-4	2.3	-5	6	0
48.93	27.5	0	0	0.27	-1	0.74	-2	1.21	-3	1.68	-4	2.15	-5	6	0
48.96	27.5	0	0	0.24	-1	0.68	-2	1.12	-3	1.56	-4	2	-5	6	0
48.99	27.5	0	0	0.21	-1	0.62	-2	1.03	-3	1.44	-4	1.85	-5	6	0
49.02	27.5	0	0	0.18	-1	0.56	-2	0.94	-3	1.32	-4	1.7	-5	6	0
49.05	27.5	0	0	0.15	-1	0.5	-2	0.85	-3	1.2	-4	1.55	-5	6	0
49.08	27.5	0	0	0.12	-1	0.44	-2	0.76	-3	1.08	-4	1.4	-5	6	0
49.11	27.5	0	0	0.11	1	0.38	-2	0.67	-3	0.96	-4	1.25	-5	6	0
49.14	27.5	0	0	0.12	-2	0.34	1	0.58	-3	0.84	-4	1.1	-5	6	0
49.17	27.5	0	0	0.11	3	0.32	-4	0.54	2	0.75	-5	0.97	1	6	0
49.2	27.5	0	0	0.2	2	0.4	3	0.6	1	0.8	5	1	4	6	0
49.23	27.5	0	0	0.23	1	0.46	2	0.69	3	0.92	4	1.15	5	6	0
49.26	27.5	0	0	0.26	1	0.52	2	0.78	3	1.04	4	1.3	5	6	0
49.29	27.5	0	0	0.29	1	0.58	2	0.87	3	1.16	4	1.45	5	6	0
49.32	27.5	0	0	0.32	1	0.64	2	0.96	3	1.28	4	1.6	5	6	0
49.35	27.5	0	0	0.35	1	0.7	2	1.05	3	1.4	4	1.75	5	6	0
49.38	27.5	0	0	0.38	1	0.76	2	1.14	3	1.52	4	1.9	5	6	0
49.41	27.5	0	0	0.41	1	0.82	2	1.23	3	1.64	4	2.05	5	6	0
49.44	27.5	0	0	0.44	1	0.88	2	1.32	3	1.76	4	2.2	5	6	0
49.47	27.5	0	0	0.47	1	0.94	2	1.41	3	1.88	4	2.35	5	6	0
49.5	27.5	0	0	0.5	1	1	2	1.5	3	2	4	2.5	5	6	0
49.53	27.5	0	0	0.53	1	1.06	2	1.59	3	2.12	4	2.65	5	6	0
49.56	27.5	0	0	0.56	1	1.12	2	1.68	3	2.24	4	2.8	5	6	0
49.59	27.5	0	0	0.59	1	1.18	2	1.77	3	2.36	4	2.95	5	6	0
49.62	27.5	0	0	0.62	1	1.24	2	1.86	3	2.48	4	3.1	5	6	0
49.65	27.5	0	0	0.65	1	1.3	2	1.95	3	2.6	4	3.25	5	6	0
49.68	27.5	0	0	0.68	1	1.36	2	2.04	3	2.72	4	3.4	5	6	0
49.71	27.5	0	0	0.71	1	1.42	2	2.13	3	2.84	4	3.55	5	6	0
49.74	27.5	0	0	0.74	1	1.48	2	2.22	3	2.96	4	3.7	5	6	0
49.77	27.5	0	0	0.77	1	1.54	2	2.31	3	3.08	4	3.85	5	6	0
49.8	27.5	0	0	0.8	1	1.6	2	2.4	3	3.2	4	4	5	6	0
49.83	27.5	0	0	0.83	1	1.66	2	2.49	3	3.32	4	4.15	5	6	0
49.86	27.5	0	0	0.86	1	1.72	2	2.58	3	3.44	4	4.3	5	6	0
49.89	27.5	0	0	0.89	1	1.78	2	2.67	3	3.56	4	4.45	5	6	0
49.92	27.5	0	0	0.92	1	1.84	2	2.76	3	3.68	4	4.6	5	6	0
49.95	27.5	0	0	0.95	1	1.9	2	2.85	3	3.8	4	4.75	5	6	0
49.98	27.5	0	0	0.98	1	1.96	2	2.94	3	3.92	4	4.9	5	6	0
